4 0.9960000000000001 0.0658682640625 0.994 0.014970059375 0.9880000000000001 0.0089820359375 0.696 0.0059880234375 0.658 0.017964071875 0.6519999999999999 0.0479041921875 0.614 0.0089820359375 0.01 0.0089820359375 0.004 0.014970059375 0.008 0.9880239515625 0.994 0.9880239515625 0.9960000000000001 0.0658682640625
6 0.994 0.7544910171875 0.976 0.7245508984375 0.9400000000000001 0.700598803125 0.906 0.6556886234375 0.86 0.6526946109375 0.796 0.6706586828125001 0.706 0.733532934375 0.6759999999999999 0.769461078125 0.6759999999999999 0.8473053890625 0.726 0.9910179640625 0.994 0.9910179640625 0.994 0.7544910171875
6 0.6719999999999999 0.8443113765625 0.65 0.82035928125 0.5900000000000001 0.7844311375 0.5 0.7574850296875 0.404 0.781437125 0.352 0.8293413171875 0.306 0.8952095812499999 0.306 0.9940119765625001 0.674 0.9940119765625001 0.6839999999999999 0.89221556875 0.6719999999999999 0.8443113765625
6 0.45999999999999996 0.763473053125 0.504 0.7514970062499999 0.614 0.7784431140625 0.6599999999999999 0.7754491015625 0.6759999999999999 0.7425149703125 0.678 0.6556886234375 0.6679999999999999 0.6347305390625 0.484 0.6197604796875 0.43600000000000005 0.625748503125 0.41600000000000004 0.6556886234375 0.40199999999999997 0.6916167671875 0.40199999999999997 0.7425149703125 0.414 0.7544910171875 0.45999999999999996 0.763473053125
6 0.892 0.6467065875 0.9480000000000001 0.697604790625 0.96 0.6586826343750001 0.9480000000000001 0.5808383234375001 0.892 0.5 0.8539999999999999 0.482035928125 0.836 0.48502994062499993 0.806 0.520958084375 0.78 0.517964071875 0.746 0.53293413125 0.712 0.5988023953125 0.708 0.6467065875 0.768 0.6826347312500001 0.8619999999999999 0.6467065875 0.892 0.6467065875
6 0.20600000000000002 0.9011976046875001 0.178 0.8113772453125 0.10600000000000001 0.7485029937500001 0.006 0.730538921875 0.006 0.9940119765625001 0.174 0.9910179640625 0.194 0.9700598796875 0.20600000000000002 0.9011976046875001
6 0.2 0.8682634734375 0.262 0.8473053890625 0.27 0.7215568859375 0.252 0.6676646703125 0.21200000000000002 0.6616766468749999 0.198 0.67664670625 0.186 0.6706586828125001 0.186 0.6556886234375 0.132 0.6676646703125 0.094 0.718562875 0.08 0.718562875 0.08399999999999999 0.736526946875 0.126 0.7574850296875 0.174 0.802395209375 0.2 0.8682634734375
6 0.13 0.6526946109375 0.156 0.5988023953125 0.186 0.5688622750000001 0.188 0.5479041921875 0.178 0.5299401203125 0.118 0.479041915625 0.078 0.47305389218749994 0.034 0.5 0.006 0.5029940125000001 0.008 0.7275449109375 0.052000000000000005 0.730538921875 0.08199999999999999 0.6856287421875 0.13 0.6526946109375
6 0.484 0.371257484375 0.52 0.335329340625 0.542 0.29640718593750004 0.5940000000000001 0.26946107812500003 0.538 0.22455089843749998 0.458 0.1886227546875 0.382 0.2035928140625 0.352 0.24251497031249997 0.368 0.338323353125 0.40800000000000003 0.37425149687500003 0.438 0.36227544843750004 0.484 0.371257484375
6 0.318 0.556886228125 0.354 0.5598802390625 0.366 0.5748503 0.368 0.6167664671875001 0.388 0.6197604796875 0.40199999999999997 0.5958083828125 0.40199999999999997 0.5748503 0.378 0.4760479046875 0.376 0.42514969999999996 0.318 0.37425149687500003 0.29 0.37425149687500003 0.262 0.407185628125 0.244 0.47305389218749994 0.26 0.517964071875 0.27 0.589820359375 0.318 0.556886228125
6 0.512 0.6047904187500001 0.558 0.5449101796875 0.5559999999999999 0.46706586874999995 0.5700000000000001 0.4221556890625 0.5940000000000001 0.4041916171875 0.61 0.37425149687500003 0.644 0.38922155625 0.658 0.407185628125 0.6940000000000001 0.36227544843750004 0.7 0.3443113765625 0.696 0.31736526875000004 0.6799999999999999 0.281437125 0.654 0.2754491015625 0.576 0.281437125 0.538 0.305389221875 0.48200000000000004 0.42514969999999996 0.43600000000000005 0.5 0.41 0.5658682640625 0.40800000000000003 0.628742515625 0.414 0.643712575 0.438 0.6197604796875 0.512 0.6047904187500001
6 0.678 0.6497005984374999 0.6900000000000001 0.643712575 0.7 0.6197604796875 0.6980000000000001 0.5838323359375 0.678 0.4760479046875 0.65 0.4011976046875 0.604 0.377245509375 0.5980000000000001 0.4041916171875 0.562 0.44311377187499995 0.558 0.520958084375 0.572 0.6137724546875 0.632 0.622754490625 0.678 0.6497005984374999
6 0.742 0.53592814375 0.776 0.5149700593750001 0.8119999999999999 0.5149700593750001 0.8560000000000001 0.46107784374999994 0.8300000000000001 0.43712574843749996 0.788 0.4281437125 0.738 0.446107784375 0.718 0.46706586874999995 0.688 0.5119760484375 0.704 0.5928143718750001 0.712 0.5928143718750001 0.742 0.53592814375
6 0.994 0.53592814375 0.994 0.22155688593749998 0.986 0.21257484999999998 0.942 0.21257484999999998 0.9380000000000001 0.22455089843749998 0.922 0.22455089843749998 0.916 0.24251497031249997 0.9179999999999999 0.3323353296875 0.9380000000000001 0.38922155625 0.952 0.479041915625 0.994 0.53592814375
6 0.734 0.356287425 0.758 0.3473053890625 0.786 0.37425149687500003 0.8119999999999999 0.3443113765625 0.8880000000000001 0.36227544843750004 0.906 0.3083832328125 0.9019999999999999 0.27245508906250004 0.89 0.25149700625000004 0.76 0.17065868281250002 0.722 0.17964071875 0.67 0.23652694687500003 0.692 0.29041916093750003 0.704 0.2934131734375 0.706 0.34131736562500004 0.734 0.356287425
6 0.74 0.1676646703125 0.792 0.1856287421875 0.796 0.13772455156250002 0.772 0.10778443124999999 0.73 0.092814371875 0.678 0.164670659375 0.6599999999999999 0.2065868265625 0.658 0.23053892187499997 0.666 0.2395209578125 0.686 0.20958083906249997 0.74 0.1676646703125
6 0.64 0.20059880312499997 0.638 0.1556886234375 0.588 0.10778443124999999 0.514 0.10179640781249999 0.49800000000000005 0.164670659375 0.49800000000000005 0.2035928140625 0.5940000000000001 0.26946107812500003 0.628 0.27245508906250004 0.64 0.20059880312499997
6 0.202 0.3532934125 0.198 0.32934131718750004 0.16799999999999998 0.27245508906250004 0.11599999999999999 0.28443113750000004 0.076 0.3143712578125 0.076 0.377245509375 0.094 0.4011976046875 0.148 0.39520958125 0.202 0.3532934125
6 0.314 0.2604790421875 0.324 0.2065868265625 0.33599999999999997 0.197604790625 0.32999999999999996 0.164670659375 0.314 0.1526946109375 0.27599999999999997 0.1467065875 0.242 0.1736526953125 0.238 0.20059880312499997 0.282 0.28443113750000004 0.302 0.2784431140625 0.314 0.2604790421875
6 0.20800000000000002 0.266467065625 0.22799999999999998 0.2784431140625 0.26 0.26946107812500003 0.26 0.2395209578125 0.202 0.15868263437500002 0.184 0.1556886234375 0.15 0.18263473125000002 0.144 0.2035928140625 0.15 0.266467065625 0.176 0.2754491015625 0.20800000000000002 0.266467065625
6 0.08 0.30239520937500003 0.136 0.27245508906250004 0.146 0.218562875 0.11599999999999999 0.1886227546875 0.06 0.17664670625 0.034 0.20059880312499997 0.018 0.23652694687500003 0.024 0.266467065625 0.044 0.29041916093750003 0.08 0.30239520937500003
6 0.42000000000000004 0.1497005984375 0.364 0.089820359375 0.348 0.086826346875 0.32 0.11077844375000001 0.32599999999999996 0.1526946109375 0.35 0.197604790625 0.392 0.194610778125 0.42000000000000004 0.1497005984375
6 0.47800000000000004 0.1556886234375 0.47000000000000003 0.11077844375000001 0.41200000000000003 0.03293413125 0.398 0.029940120312500002 0.368 0.0479041921875 0.364 0.05988023906249999 0.382 0.0988023953125 0.426 0.1497005984375 0.47800000000000004 0.1556886234375
6 0.616 0.014970059375 0.558 0.0059880234375 0.546 0.020958084374999998 0.54 0.068862275 0.54 0.0988023953125 0.61 0.0988023953125 0.616 0.086826346875 0.616 0.014970059375
6 0.6759999999999999 0.164670659375 0.722 0.0988023953125 0.714 0.053892215624999996 0.704 0.050898203125 0.678 0.0718562875 0.658 0.03293413125 0.618 0.014970059375 0.612 0.09580838281250001 0.596 0.11077844375000001 0.644 0.1676646703125 0.6759999999999999 0.164670659375
6 0.718 0.05688622812500001 0.722 0.07485030000000001 0.734 0.07485030000000001 0.778 0.053892215624999996 0.8 0.011976048437500001 0.808 0.011976048437500001 0.6940000000000001 0.0059880234375 0.678 0.023952095312499998 0.6679999999999999 0.0419161671875 0.678 0.068862275 0.702 0.0479041921875 0.718 0.05688622812500001
6 0.892 0.1407185625 0.916 0.13473053906250002 0.9380000000000001 0.0838323359375 0.932 0.0449101796875 0.9099999999999999 0.023952095312499998 0.876 0.029940120312500002 0.844 0.05988023906249999 0.836 0.0718562875 0.8539999999999999 0.1197604796875 0.8800000000000001 0.1197604796875 0.892 0.1407185625
6 0.826 0.1467065875 0.852 0.12275449062499999 0.8300000000000001 0.0479041921875 0.79 0.0479041921875 0.734 0.0808383234375 0.732 0.092814371875 0.784 0.11676646718749999 0.8 0.1526946109375 0.826 0.1467065875
6 0.916 0.22754491093749998 0.9380000000000001 0.20958083906249997 0.994 0.21257484999999998 0.994 0.11077844375000001 0.966 0.10778443124999999 0.9 0.1556886234375 0.892 0.18263473125000002 0.9019999999999999 0.25748502968750003 0.9119999999999999 0.25149700625000004 0.916 0.22754491093749998