4 0.487351184375 0 0.30399314374999997 0.025769292187499997 0.2707377734375 0.071212465625 0.2602776015625 0.0413214421875 0.219674584375 0.03448338125 0 0.067666246875 0 0.5349634046875 0.06535663124999999 1 0.534963403125 1 1 0.93464336875 1 0.465672534375 0.9970789999999999 0.4442525984375 0.93464336875 0 0.487351184375 0
6 0.34111935937500004 1 0.3615869703125 0.8957859406249999 0.35034939062500003 0.81582640625 0.3144726890625 0.7832352218749999 0.213325803125 0.7315921703125 0.14526024843750002 0.722341496875 0.09863427031250001 0.7320304609375 0.07033534531249999 0.7830492718750001 0.0388188234375 0.811173690625 0.06535663124999999 1 0.34111935937500004 1
6 0.534963409375 1 0.757819325 0.96867964375 0.747013959375 0.8917954765625 0.69044704375 0.8307510078125 0.6303353921875 0.7890213828125 0.528669271875 0.7782207390625 0.440488825 0.8188386859375001 0.3842951484375 0.86436951875 0.365246771875 0.892135478125 0.35988615468749996 0.9430666296875 0.3736470015625 1 0.534963409375 1
6 0.61621541875 0.7627808203125 0.6267626109375 0.7487540671875 0.6194149624999999 0.696472834375 0.599906328125 0.6615812671875 0.5751240984375 0.633703078125 0.5251554671875 0.634453490625 0.3390837671875 0.6762847140625 0.3318792265625 0.6992500203125 0.3464594578125 0.78814810625 0.3675818875 0.81967675625 0.4150722953125 0.8161385265625001 0.5237128265625 0.7726451015625 0.5704538703125 0.77862051875 0.61621541875 0.7627808203125
6 0.14234981093750002 0.7164783109374999 0.2436987796875 0.7398679687499999 0.2998924578125 0.6943371359375 0.28888500625 0.645706365625 0.24459414375000002 0.582936609375 0.2076509265625 0.5724480875 0.1814850328125 0.5792615750000001 0.14560832968749998 0.546670390625 0.12676204062500002 0.546182953125 0.09048116875 0.5700985609375 0.044862728125 0.661184796875 0.04382425625 0.742869615625 0.061719096875000004 0.781124096875 0.111659684375 0.720791528125 0.14234981093750002 0.7164783109374999
6 1 0.6894431765625 0.930436284375 0.7123477375 0.8658564890625 0.7872821546875 0.8501788078124999 0.8835688234375001 0.87239579375 0.9525769703125 1 0.93464336875 1 0.6894431765625
6 0.8686518609375 0.777480959375 0.91127284375 0.7244493140625 0.95121351875 0.6968832453125 0.9527122468749999 0.6778559484375 0.9383901890624999 0.6798687828125 0.89216838125 0.63305095625 0.8351972968749999 0.6285132796874999 0.83735836875 0.6438901125000001 0.8259467468749999 0.6517661312499999 0.8094636156250001 0.6384021328125 0.7694078765625 0.6503038203125 0.7587736625 0.7082483500000001 0.7851107109375 0.836263559375 0.8515624734375 0.848877146875 0.8686518609375 0.777480959375
6 1 0.46635880937499996 0.9972951078125 0.44579028281250005 0.9682187750000001 0.4467405859375 0.9193166578125 0.425388334375 0.87926091875 0.437290021875 0.825228315625 0.4981976875 0.8175915609375 0.5180876265625 0.822663071875 0.5393276453125 0.8576753437500001 0.5657680968750001 0.892053315625 0.617386575 0.945911878125 0.6443144640625 0.9830852234374999 0.6861317484375 1 0.6825646109375 1 0.46635880937499996
6 0.5350432046875 0.363358359375 0.5674621906249999 0.371346609375 0.6031957828125 0.3286912546875 0.6057329828125 0.22797914062500002 0.5694240671874999 0.1923125875 0.489514675 0.18786256875000001 0.4128609140625 0.23626887812500003 0.362055896875 0.2904507140625 0.41914204687499995 0.31065277343750003 0.447266928125 0.347469515625 0.48928165625000003 0.37919805625 0.5350432046875 0.363358359375
6 0.7397562203125 0.5729322171875 0.7396131125000001 0.49768567656249996 0.7494979609375 0.44925479687500003 0.7215751640625 0.384184659375 0.6881766859375 0.35438129375 0.6595325671875 0.35840696250000004 0.6075459734375 0.41902707968749997 0.6128476125 0.471595859375 0.60255859375 0.576533534375 0.6055840953125 0.5980611 0.623363871875 0.6206511984375 0.643391740625 0.61470035625 0.6393867453125 0.571357675 0.649501721875 0.5542555546875 0.6858976578125 0.5460043296875 0.7397562203125 0.5729322171875
6 0.5722136609375 0.6278398921874999 0.600223478125 0.6489922531250001 0.60420043125 0.6327527765625 0.593077915625 0.568457625 0.556971084375 0.5045376781249999 0.49910752656249996 0.434267109375 0.4245307078125 0.319303778125 0.38219883125 0.3001642515625 0.301540075 0.30522788125 0.27580639375 0.315116734375 0.2646249015625 0.3543215171875 0.2644228171875 0.38257491093749996 0.2731541296875 0.4001644671875 0.3164655 0.44111910937500004 0.3281942703125 0.420654075 0.360815340625 0.40038893125 0.381505553125 0.428842215625 0.40865094218750003 0.44384384218750006 0.4294562203125 0.487961509375 0.438647790625 0.5682085890625 0.4943502765625 0.623102325 0.5722136609375 0.6278398921874999
6 0.374183059375 0.6588073890625 0.43426666875000003 0.6409548578125001 0.43519007500000007 0.54360565625 0.41986047812500005 0.46422121718750003 0.3774135375 0.4294173109375 0.36738557968749996 0.40260165312499996 0.3237851046875 0.433818184375 0.30594635000000003 0.51472801875 0.30104599374999996 0.628316696875 0.304186559375 0.6655086453125 0.31787431875 0.6886738390625 0.3310147984375 0.6930992875 0.374183059375 0.6588073890625
6 0.2880205765625 0.63955563125 0.2962046125 0.6384054406249999 0.300902884375 0.5530701578125 0.26372953906249996 0.511252875 0.24024395312500002 0.492600784375 0.18650045625 0.481337278125 0.14483092343749998 0.49660187968749997 0.12169052968750001 0.5249429343750001 0.174482578125 0.573973484375 0.2113107296875 0.568797625 0.24911837499999998 0.5854368796875 0.2880205765625 0.63955563125
6 0 0.5349634078125 0.007870885937499999 0.590967671875 0.026075415624999997 0.557197425 0.027431035937499997 0.462923590625 0.039679040625 0.401616146875 0.0287586109375 0.3090676 0.0200272984375 0.2914780421875 0.0036592328124999997 0.293778425 0 0.2864067625 0 0.5349634078125
6 0.257852578125 0.3803621875 0.2529831515625 0.33086877187499997 0.2648269875 0.3260681203125 0.27955321718750004 0.26754849531249997 0.21814492031250002 0.21659276875 0.1779741171875 0.21283007656250003 0.05665336562499999 0.314555578125 0.0474028171875 0.33780843125 0.0484973765625 0.375287928125 0.0746913140625 0.42805659843750005 0.14984634531250002 0.398677584375 0.1807666015625 0.42569313124999997 0.20552078749999997 0.3939891625 0.2313695328125 0.3997646890625 0.257852578125 0.3803621875
6 0.25929521875 0.242170578125 0.2840774484375 0.270048765625 0.29096483906250004 0.259672475 0.28546111406249997 0.235357090625 0.2609960328125 0.1948898859375 0.1974266640625 0.128557328125 0.1566215609375 0.14997266250000002 0.1363916046875 0.1841769015625 0.14739905625 0.232807671875 0.1980019875 0.20687923281249998 0.25929521875 0.242170578125
6 0.32770596875 0.2984143921875 0.362055896875 0.2904507140625 0.45075557968749996 0.20899035625 0.445136790625 0.16901059062499998 0.41969221562500003 0.106728271875 0.344854334375 0.123518271875 0.30061955625 0.17991283125 0.3050567671875 0.22633087968750001 0.32770596875 0.2984143921875
6 0.8364687843749999 0.355492971875 0.892575440625 0.353879915625 0.9075317999999999 0.326689053125 0.89845529375 0.26210635312499997 0.853212978125 0.237103640625 0.7982879015625 0.232278415625 0.775809853125 0.2950235984375 0.775175553125 0.3202016265625 0.8364687843749999 0.355492971875
6 0.66206976875 0.2576948453125 0.68339428125 0.2609701015625 0.7163044578125 0.16853378593749999 0.7083225093750001 0.14143058125000002 0.669650434375 0.1186405921875 0.6316407046875 0.13025473125 0.6170014953125 0.14485658125 0.61561783125 0.1795482578125 0.6291905250000001 0.187049071875 0.6472004296875 0.2409679328125 0.66206976875 0.2576948453125
6 0.790536084375 0.2365039734375 0.8158375484375 0.223539753125 0.81289906875 0.1580944078125 0.8037355390625001 0.13742948593749998 0.765063465625 0.114639496875 0.7470816046875 0.12030279375 0.69941715625 0.211676578125 0.7037393015625 0.24243024375000002 0.737772078125 0.24705557968749997 0.7565033046874999 0.2318786375 0.790536084375 0.2365039734375
6 0.9277337109375001 0.23290265625 0.9447360796875 0.2054242453125 0.9465519578125001 0.173807934375 0.9249973140625001 0.1392039171875 0.8949414890625 0.118339103125 0.8393821109375 0.13869190781250001 0.8130141328124999 0.1737587890625 0.8310240375 0.2276776515625 0.8926344171875 0.25037998125 0.9277337109375001 0.23290265625
6 0.5578973796875 0.1845242265625 0.601295771875 0.1815610921875 0.6193646546875 0.13198001875 0.619451675 0.0880622421875 0.5873498406250001 0.0674849765625 0.5714139874999999 0.072860725 0.5227700453125 0.1424193953125 0.5578973796875 0.1845242265625
6 0.5166320203125 0.1432820390625 0.55429655625 0.08467475468749999 0.5670918421875 0.042107059375 0.5612709671875 0.030380687499999996 0.527987553125 0.016241703125 0.514097709375 0.0213299046875 0.46600104375000007 0.109628321875 0.4643002296875 0.1569090125 0.5166320203125 0.1432820390625
6 0.31318471406250004 0.10601637187499999 0.32105159843750003 0.11745519687499999 0.3926618921875 0.10739102656249999 0.388339746875 0.0766373578125 0.3752862875 0.028294134375000002 0.3608491625 0.0146425890625 0.3028115640625 0.0322075734375 0.31318471406250004 0.10601637187499999
6 0.296210390625 0.1930769421875 0.3371025140625 0.12774382812500001 0.318573375 0.11466737656249999 0.30076555625 0.0324951203125 0.262438675 0.056698275 0.2475973796875 0.09955351875 0.21797377031249998 0.0817640734375 0.20817594062500003 0.08627717812499999 0.2064751265625 0.13355786875 0.263042040625 0.1946023390625 0.296210390625 0.1930769421875
6 0.21958756250000003 0.0784011578125 0.24716516562500002 0.0964781515625 0.2535052765625 0.0673621140625 0.24068194687500002 0.050347653125 0.2217205921875 0.034195834375 0.10596254218750001 0.0567367875 0.114146575 0.055586596875000005 0.14270367343749998 0.0954787046875 0.190741359375 0.110680221875 0.20301740937499999 0.10895493593750001 0.20451613906250002 0.089927640625 0.21958756250000003 0.0784011578125
6 0 0.1766383375 0.013198885937499998 0.1983544 0.0386154171875 0.201054559375 0.0478659640625 0.17780170625 0.07446407499999999 0.1740635859375 0.08596271562499999 0.1222697890625 0.0760498234375 0.11111851406249999 0.03899154375 0.0849656109375 0.0033449718750000004 0.0837031890625 0 0.087942759375 0 0.1766383375
6 0.1344606609375 0.20012882968749998 0.1456421546875 0.1609240484375 0.19538065625 0.128844875 0.1916057890625 0.1168309546875 0.12956319375 0.0910532578125 0.088643025 0.0968042125 0.07694229687500001 0.1768514046875 0.1069981234375 0.19771621718750002 0.1344606609375 0.20012882968749998
6 0 0.27869478124999997 0.001498159375 0.2784015921875 0.026597539062499998 0.29369076562499996 0.0341472734375 0.317718603125 0.04524174375 0.3224315984375 0.044666421875 0.24410969374999997 0.03259245625 0.21758158437500003 0 0.200190703125 0 0.27869478124999997