4 1 0.002892878125 0.7190082640625 0 0.679752065625 0.0124223609375 0.67355371875 0.0434782609375 0.6342975203125001 0.003105590625 0.010330578125 0.003105590625 0.00413223125 0.0093167703125 0.008188175 1 1 1 1 0.002892878125
6 1 0.739820565625 0.9710743796875001 0.72049689375 0.9359504125000001 0.67391304375 0.8884297515625 0.670807453125 0.8223140499999999 0.68944099375 0.72933884375 0.754658384375 0.6983471078125 0.791925465625 0.6983471078125 0.8726708078125001 0.7424672875 1 1 1 1 0.739820565625
6 0.6987117171875 1 0.7066115703125 0.9192546578125 0.6942148765625 0.8695652171875 0.671487603125 0.8447204968750001 0.6095041328125 0.807453415625 0.516528925 0.77950310625 0.417355371875 0.8043478265624999 0.3636363640625 0.8540372671875 0.31611570312500004 0.9223602484375 0.31611570312500004 1 0.6987117171875 1
6 0.6983471078125 0.7639751546875 0.7004132234375 0.67391304375 0.6900826453125 0.6521739125 0.5 0.6366459625 0.45041322343749995 0.6428571421875 0.42975206562499996 0.67391304375 0.41528925625 0.711180125 0.41528925625 0.7639751546875 0.42768595 0.776397515625 0.4752066109375 0.7857142859375 0.52066115625 0.773291925 0.6342975203125001 0.8012422359375 0.6818181812499999 0.7981366453125001 0.6983471078125 0.7639751546875
6 0.921487603125 0.5124223609375 0.8822314046875 0.49378882031250004 0.8636363640625 0.496894409375 0.832644628125 0.5341614906250001 0.8057851234375001 0.5310558999999999 0.77066115625 0.5465838515625 0.735537190625 0.6149068328125 0.731404959375 0.6645962734374999 0.7933884296875 0.7018633546874999 0.8904958671875001 0.6645962734374999 0.921487603125 0.6645962734374999 0.9793388437500001 0.7173913046875 0.9917355375 0.6770186328125 0.9793388437500001 0.5962732921875 0.921487603125 0.5124223609375
6 0.2004132234375 1 0.21280991718750003 0.9285714281249999 0.18388429687500002 0.8354037265625 0.1095041328125 0.7701863359375001 0.006198346875 0.7515527953125 0.006198346875 1 0.2004132234375 1
6 0.2190082640625 0.6801242234375 0.2045454546875 0.6956521734375001 0.1921487609375 0.68944099375 0.1921487609375 0.67391304375 0.1363636359375 0.686335403125 0.0971074375 0.739130434375 0.082644628125 0.739130434375 0.086776859375 0.757763975 0.1301652890625 0.77950310625 0.17975206562499998 0.82608695625 0.2066115703125 0.8944099375000001 0.27066115625 0.8726708078125001 0.2789256203125 0.742236025 0.260330578125 0.686335403125 0.2190082640625 0.6801242234375
6 0.18388429687500002 0.5434782609375 0.12190082656250001 0.4906832296875 0.0805785125 0.48447205000000004 0.0351239671875 0.5124223609375 0.006198346875 0.51552795 0.0082644625 0.7484472046875 0.0537190078125 0.7515527953125 0.08471074375 0.70496894375 0.1342975203125 0.670807453125 0.161157025 0.6149068328125 0.1921487609375 0.58385093125 0.1942148765625 0.5621118015625 0.18388429687500002 0.5434782609375
6 0.5557851234375 0.22670807499999998 0.47314049531249996 0.18944099375 0.3946280984375 0.20496894375000002 0.3636363640625 0.24534161562499998 0.38016528906249997 0.344720496875 0.421487603125 0.381987578125 0.4524793390625 0.3695652171875 0.5 0.3788819875 0.5371900828125 0.34161490625 0.5599173546875 0.3012422359375 0.6136363640625 0.273291925 0.5557851234375 0.22670807499999998
6 0.400826446875 0.6366459625 0.41528925625 0.6118012421875 0.41528925625 0.5900621125 0.39049586718749996 0.4875776390625 0.38842975156250004 0.434782609375 0.328512396875 0.381987578125 0.2995867765625 0.381987578125 0.27066115625 0.41614906874999996 0.25206611562500003 0.48447205000000004 0.268595040625 0.5310558999999999 0.2789256203125 0.6055900624999999 0.328512396875 0.5714285718750001 0.3657024796875 0.5745341609375 0.3780991734375 0.5900621125 0.38016528906249997 0.6335403734375 0.400826446875 0.6366459625
6 0.6136363640625 0.413043478125 0.6301652890625 0.381987578125 0.66528925625 0.397515528125 0.679752065625 0.41614906874999996 0.7169421484375 0.3695652171875 0.7231404953125 0.3509316765625 0.7190082640625 0.32298136718750003 0.7024793390624999 0.28571428593750003 0.6756198343750001 0.27950310625 0.5950413218749999 0.28571428593750003 0.5557851234375 0.31055900625 0.49793388437499997 0.434782609375 0.45041322343749995 0.5124223609375 0.42355371875000003 0.5807453421875 0.421487603125 0.6459627328125 0.42768595 0.6614906828125 0.4524793390625 0.6366459625 0.5289256203125 0.6211180125 0.57644628125 0.5590062109375 0.5743801656249999 0.4782608703125 0.588842975 0.43167701875000003 0.6136363640625 0.413043478125
6 0.7004132234375 0.4875776390625 0.671487603125 0.40993788750000004 0.6239669421875 0.38509316718750003 0.6177685953125 0.413043478125 0.5805785125 0.4534161484375 0.57644628125 0.5341614906250001 0.5909090906250001 0.6304347828125 0.6528925625 0.639751553125 0.7004132234375 0.6677018640625 0.7128099171875 0.6614906828125 0.7231404953125 0.6366459625 0.7210743796875 0.59937888125 0.7004132234375 0.4875776390625
6 0.8574380171874999 0.44720496875000004 0.8140495874999999 0.4378881984375 0.76239669375 0.45652173906250004 0.7417355375 0.4782608703125 0.7107438015625 0.5248447203125 0.7272727265625 0.6086956515625 0.735537190625 0.6086956515625 0.766528925 0.549689440625 0.8016528921875 0.5279503109375 0.838842975 0.5279503109375 0.8842975203125001 0.4720496890625 0.8574380171874999 0.44720496875000004
6 1 0.2142857140625 0.9731404953125 0.2142857140625 0.9690082640625001 0.22670807499999998 0.9524793390624999 0.22670807499999998 0.9462809921875 0.24534161562499998 0.9483471078125 0.3385093171875 0.9690082640625001 0.397515528125 0.983471075 0.4906832296875 1 0.5131617859375 1 0.2142857140625
6 0.917355371875 0.3695652171875 0.9359504125000001 0.313664596875 0.93181818125 0.276397515625 0.9194214875 0.254658384375 0.7851239671875 0.170807453125 0.7458677687499999 0.1801242234375 0.6921487609375 0.23913043437499998 0.7148760328125 0.29503105625 0.7272727265625 0.2981366453125 0.72933884375 0.3478260875 0.7582644625 0.3633540375 0.7830578515625 0.3540372671875 0.8119834703125001 0.381987578125 0.838842975 0.3509316765625 0.917355371875 0.3695652171875
6 0.7541322312500001 0.0900621125 0.7004132234375 0.1645962734375 0.6818181812499999 0.20807453437499998 0.679752065625 0.2329192546875 0.6880165296875 0.24223602500000002 0.7086776859375 0.211180125 0.764462809375 0.1677018640625 0.81818181875 0.18633540312500002 0.8223140499999999 0.1366459625 0.7975206609375001 0.1055900625 0.7541322312500001 0.0900621125
6 0.514462809375 0.1645962734375 0.514462809375 0.20496894375000002 0.6136363640625 0.273291925 0.64876033125 0.276397515625 0.661157025 0.2018633546875 0.6590909093749999 0.155279503125 0.6074380171875 0.1055900625 0.5309917359375 0.09937888125 0.514462809375 0.1645962734375
6 0.078512396875 0.3198757765625 0.078512396875 0.38509316718750003 0.0971074375 0.40993788750000004 0.1528925625 0.4037267078125 0.2086776859375 0.360248446875 0.2045454546875 0.3354037265625 0.17355371875 0.276397515625 0.1198347109375 0.288819875 0.078512396875 0.3198757765625
6 0.324380165625 0.1521739125 0.2851239671875 0.1459627328125 0.25 0.17391304375 0.24586776875 0.2018633546875 0.2913223140625 0.288819875 0.3119834703125 0.2826086953125 0.324380165625 0.2639751546875 0.33471074375 0.20807453437499998 0.3471074375 0.1987577640625 0.34090909062499997 0.1645962734375 0.324380165625 0.1521739125
6 0.2086776859375 0.15838509375 0.19008264531250002 0.155279503125 0.154958678125 0.1832298140625 0.14876033125000002 0.20496894375000002 0.154958678125 0.27018633593749997 0.18181818125 0.27950310625 0.21487603281249998 0.27018633593749997 0.23553719062499998 0.2826086953125 0.268595040625 0.273291925 0.268595040625 0.24223602500000002 0.2086776859375 0.15838509375
6 0.0619834703125 0.17701863281250002 0.0351239671875 0.2018633546875 0.018595040625 0.23913043437499998 0.024793389062499997 0.27018633593749997 0.0454545453125 0.29503105625 0.082644628125 0.307453415625 0.1404958671875 0.276397515625 0.150826446875 0.22049689374999998 0.1198347109375 0.18944099375 0.0619834703125 0.17701863281250002
6 0.336776859375 0.1521739125 0.36157024843749996 0.1987577640625 0.404958678125 0.19565217343750002 0.43388429687499996 0.1490683234375 0.3760330578125 0.086956521875 0.35950413281250004 0.08385093125000001 0.3305785125 0.10869565156250001 0.336776859375 0.1521739125
6 0.38016528906249997 0.0434782609375 0.3760330578125 0.055900621875 0.3946280984375 0.0962732921875 0.4400826453125 0.1490683234375 0.49380165312499996 0.155279503125 0.485537190625 0.10869565156250001 0.42561983437500006 0.0279503109375 0.41115702499999995 0.0248447203125 0.38016528906249997 0.0434782609375
6 0.5578512390625 0.0962732921875 0.6301652890625 0.0962732921875 0.6363636359375 0.08385093125000001 0.6363636359375 0.0093167703125 0.57644628125 0 0.5640495875 0.015527949999999999 0.5578512390625 0.06521739062500001 0.5578512390625 0.0962732921875
6 0.7004132234375 0.06832298125 0.679752065625 0.0279503109375 0.6384297515624999 0.0093167703125 0.6322314046875 0.09316770156250001 0.6157024796874999 0.10869565156250001 0.66528925625 0.1677018640625 0.6983471078125 0.1645962734375 0.7458677687499999 0.0962732921875 0.73760330625 0.049689440625 0.7272727265625 0.0465838515625 0.7004132234375 0.06832298125
6 0.82644628125 0.0062111796875 0.83471074375 0.0062111796875 0.7169421484375 0 0.7004132234375 0.018633540625 0.6900826453125 0.03726708125 0.7004132234375 0.06521739062500001 0.7252066109374999 0.0434782609375 0.7417355375 0.05279503125 0.7458677687499999 0.071428571875 0.7582644625 0.071428571875 0.8037190078125 0.049689440625 0.82644628125 0.0062111796875
6 0.9400826453125 0.018633540625 0.904958678125 0.0248447203125 0.8719008265625 0.055900621875 0.8636363640625 0.06832298125 0.8822314046875 0.11801242187500001 0.9090909093749999 0.11801242187500001 0.921487603125 0.139751553125 0.9462809921875 0.1335403734375 0.9690082640625001 0.0807453421875 0.9628099171875 0.0403726703125 0.9400826453125 0.018633540625
6 0.7582644625 0.0776397515625 0.756198346875 0.0900621125 0.8099173546875 0.1149068328125 0.82644628125 0.1521739125 0.853305784375 0.1459627328125 0.8801652890625 0.12111801250000001 0.8574380171874999 0.0434782609375 0.8161157031249999 0.0434782609375 0.7582644625 0.0776397515625
6 1 0.105811890625 0.997933884375 0.1055900625 0.929752065625 0.155279503125 0.921487603125 0.1832298140625 0.93181818125 0.260869565625 0.9421487609374999 0.254658384375 0.9462809921875 0.2298136640625 0.9690082640625001 0.211180125 1 0.21284383281250002 1 0.105811890625