6 0.614 0.6575 0.614 0.6174999999999999 0.5860000000000001 0.49749999999999994 0.5660000000000001 0.47000000000000003 0.542 0.4625 0.514 0.48 0.5 0.52 0.5 0.5875 0.516 0.645 0.5980000000000001 0.6825 0.614 0.6575
6 0 0.7925 0.024 0.795 0.018 0.82 0.032 0.8275 0.034 0.8574999999999999 0.046 0.8550000000000001 0.057999999999999996 0.865 0.074 0.86 0.096 0.875 0.13799999999999998 0.8724999999999999 0.16799999999999998 0.89 0.184 0.9075 0.178 0.95 0.21400000000000002 0.9475 0.236 0.96 0.27799999999999997 0.96 0.286 0.9525 0.296 0.9650000000000001 0.29 0.97 0.296 0.9824999999999999 0.358 0.9824999999999999 0.366 0.9775 0.356 0.96 0.35 0.9525 0.33599999999999997 0.9525 0.32 0.925 0.35 0.9199999999999999 0.358 0.9349999999999999 0.384 0.9375 0.392 0.9625 0.404 0.9625 0.376 0.97 0.374 0.9974999999999999 0.45 0.9974999999999999 0.446 0.97 0.43600000000000005 0.9650000000000001 0.466 0.9400000000000001 0.532 0.9375 0.5700000000000001 0.9275 0.592 0.9175000000000001 0.608 0.8975 0.632 0.905 0.724 0.8975 0.74 0.8800000000000001 0.758 0.875 0.8240000000000001 0.89 0.842 0.8574999999999999 0.868 0.86 0.868 0.8775000000000001 0.8779999999999999 0.8875 0.9359999999999999 0.89 0.954 0.905 0.982 0.8975 0.986 0.9125 0.998 0.9099999999999999 0.998 0.875 0.99 0.8724999999999999 0.998 0.8675 0.998 0.735 0.95 0.705 0.93 0.705 0.9199999999999999 0.745 0.89 0.735 0.9039999999999999 0.7325 0.89 0.725 0.892 0.7175 0.9039999999999999 0.7150000000000001 0.9019999999999999 0.705 0.8720000000000001 0.705 0.8320000000000001 0.7224999999999999 0.82 0.7325 0.8039999999999999 0.7875 0.778 0.8125 0.764 0.8125 0.752 0.825 0.746 0.8125 0.716 0.8 0.7 0.8125 0.678 0.8125 0.6719999999999999 0.8 0.67 0.755 0.6519999999999999 0.7424999999999999 0.612 0.7325 0.608 0.705 0.5980000000000001 0.6925 0.5740000000000001 0.7075 0.5559999999999999 0.735 0.554 0.755 0.524 0.78 0.514 0.7625 0.462 0.77 0.45199999999999996 0.76 0.45 0.7424999999999999 0.43 0.7424999999999999 0.422 0.735 0.43600000000000005 0.7325 0.43600000000000005 0.7175 0.44400000000000006 0.7125 0.43200000000000005 0.705 0.366 0.705 0.346 0.7150000000000001 0.324 0.74 0.3 0.71 0.282 0.71 0.254 0.7275 0.23199999999999998 0.7150000000000001 0.22000000000000003 0.725 0.22200000000000003 0.7 0.21600000000000003 0.6875 0.20400000000000001 0.6849999999999999 0.2 0.6725 0.148 0.6799999999999999 0.13799999999999998 0.665 0.12 0.6599999999999999 0.11399999999999999 0.6599999999999999 0.10800000000000001 0.6775 0.098 0.6849999999999999 0.054000000000000006 0.6799999999999999 0.02 0.7 0 0.6925 0 0.7925
6 0.806 0.78 0.82 0.6875 0.8140000000000001 0.6575 0.72 0.6224999999999999 0.622 0.6975 0.62 0.7224999999999999 0.6799999999999999 0.8074999999999999 0.79 0.8099999999999999 0.806 0.78
6 0.554 0.8074999999999999 0.5900000000000001 0.6925 0.512 0.6525000000000001 0.48600000000000004 0.6599999999999999 0.46399999999999997 0.6849999999999999 0.458 0.7075 0.466 0.765 0.534 0.8225 0.554 0.8074999999999999
6 0.53 0.8949999999999999 0.522 0.7975 0.496 0.7725 0.46799999999999997 0.7725 0.422 0.875 0.422 0.905 0.466 0.9349999999999999 0.518 0.9349999999999999 0.53 0.8949999999999999
6 0.42000000000000004 0.8699999999999999 0.43 0.8474999999999999 0.43 0.8074999999999999 0.394 0.78 0.348 0.7925 0.324 0.82 0.316 0.86 0.316 0.9075 0.35 0.915 0.40599999999999997 0.8875 0.42000000000000004 0.8699999999999999
6 0.39 0.6325000000000001 0.35 0.5825 0.31 0.585 0.27599999999999997 0.62 0.25 0.67 0.25 0.7175 0.32599999999999996 0.73 0.388 0.655 0.39 0.6325000000000001
6 0.314 0.5125 0.286 0.495 0.26 0.495 0.252 0.5425 0.274 0.62 0.33999999999999997 0.575 0.314 0.5125
6 0.242 0.6575 0.23199999999999998 0.5900000000000001 0.21200000000000002 0.5675 0.184 0.5625 0.152 0.6025 0.152 0.645 0.16799999999999998 0.6675 0.22000000000000003 0.6775 0.242 0.6575
6 0.10800000000000001 0.55 0.10400000000000001 0.45999999999999996 0.064 0.44000000000000006 0.034 0.47750000000000004 0.03 0.585 0.06 0.6375 0.08 0.6375 0.10800000000000001 0.55
6 0.32799999999999996 0.7925 0.33999999999999997 0.795 0.362 0.78 0.39 0.775 0.44000000000000006 0.8074999999999999 0.446 0.7825 0.462 0.77 0.45599999999999996 0.7075 0.43600000000000005 0.6725 0.396 0.6575 0.378 0.6575 0.344 0.6849999999999999 0.344 0.7125 0.32599999999999996 0.735 0.32799999999999996 0.7925
6 0.462 0.64 0.414 0.6075 0.394 0.6075 0.396 0.655 0.44800000000000006 0.6849999999999999 0.46799999999999997 0.6725 0.462 0.64
6 0.438 0.77 0.42400000000000004 0.7150000000000001 0.40800000000000003 0.7 0.366 0.7025 0.324 0.74 0.32 0.7849999999999999 0.32799999999999996 0.8 0.43 0.795 0.438 0.77
6 0.462 0.53 0.45999999999999996 0.5125 0.426 0.4925 0.386 0.52 0.364 0.5625 0.362 0.5875 0.376 0.605 0.40599999999999997 0.6 0.462 0.53
6 0.462 0.5325 0.434 0.5549999999999999 0.418 0.585 0.414 0.6 0.462 0.655 0.496 0.5625 0.462 0.5325
6 0.678 0.5275000000000001 0.6839999999999999 0.5700000000000001 0.662 0.625 0.6900000000000001 0.635 0.718 0.6174999999999999 0.734 0.6174999999999999 0.8039999999999999 0.6425 0.828 0.6599999999999999 0.86 0.6599999999999999 0.8720000000000001 0.62 0.8699999999999999 0.55 0.818 0.53 0.8119999999999999 0.5175 0.788 0.5 0.762 0.49749999999999994 0.754 0.47000000000000003 0.746 0.465 0.744 0.465 0.696 0.475 0.6719999999999999 0.495 0.6679999999999999 0.5125 0.678 0.5275000000000001
6 0.8220000000000001 0.6599999999999999 0.86 0.6599999999999999 0.8699999999999999 0.6375 0.8720000000000001 0.5549999999999999 0.8140000000000001 0.53 0.774 0.595 0.774 0.62 0.782 0.6375 0.8220000000000001 0.6599999999999999
6 0.9039999999999999 0.7125 0.882 0.705 0.8220000000000001 0.73 0.8019999999999999 0.7925 0.8019999999999999 0.8175000000000001 0.8640000000000001 0.865 0.932 0.7975 0.9039999999999999 0.7125
5 0 0.9974999999999999 0.30497699218749996 0.993287609375 0.288 0.9875 0.284 0.9675 0.236 0.9675 0.20800000000000002 0.9550000000000001 0.178 0.9574999999999999 0.172 0.9525 0.178 0.9075 0.16599999999999998 0.8975 0.156 0.8975 0.13 0.8775000000000001 0.1 0.885 0.076 0.8675 0.05 0.8724999999999999 0.032 0.8625 0.028000000000000004 0.8300000000000001 0.014000000000000002 0.825 0.02 0.7975 0.01 0.7975 0 0.7975 0 0.9974999999999999
5 0.772 0.9075 0.758 0.9125 0.746 0.9 0.6519999999999999 0.9125 0.614 0.9075 0.5820000000000001 0.93 0.534 0.9425000000000001 0.472 0.945 0.45 0.9550000000000001 0.44400000000000006 0.9724999999999999 0.45999999999999996 0.9974999999999999 0.998 0.9974999999999999 0.998 0.9199999999999999 0.8800000000000001 0.915 0.868 0.9199999999999999 0.8640000000000001 0.9425000000000001 0.8480000000000001 0.945 0.834 0.9400000000000001 0.842 0.905 0.8380000000000001 0.8949999999999999 0.8160000000000001 0.9025000000000001 0.794 0.89 0.79 0.8949999999999999 0.786 0.8875 0.78 0.8875 0.796 0.905 0.792 0.9199999999999999 0.782 0.9225 0.772 0.9075
6 0.616 0.62 0.658 0.6224999999999999 0.682 0.575 0.682 0.5375 0.6679999999999999 0.5125 0.67 0.4925 0.6639999999999999 0.47750000000000004 0.6519999999999999 0.465 0.622 0.4575 0.618 0.4575 0.5900000000000001 0.465 0.576 0.48250000000000004 0.5980000000000001 0.52 0.616 0.62
6 0.9199999999999999 0.7175 0.9259999999999999 0.7175 0.932 0.6975 0.976 0.7125 0.974 0.6849999999999999 0.968 0.6775 0.944 0.67 0.9279999999999999 0.6475 0.9019999999999999 0.6375 0.892 0.6375 0.8800000000000001 0.6599999999999999 0.8880000000000001 0.6925 0.9019999999999999 0.6975 0.9199999999999999 0.7175
6 0.10400000000000001 0.5775 0.11000000000000001 0.6174999999999999 0.124 0.6224999999999999 0.126 0.63 0.124 0.62 0.144 0.615 0.176 0.5675 0.194 0.5625 0.22000000000000003 0.5700000000000001 0.23399999999999999 0.5900000000000001 0.22799999999999998 0.595 0.23399999999999999 0.6 0.244 0.645 0.252 0.6375 0.25 0.6275000000000001 0.26 0.63 0.268 0.615 0.264 0.5675 0.25 0.5425 0.262 0.5175 0.262 0.5 0.244 0.48250000000000004 0.22000000000000003 0.48250000000000004 0.20400000000000001 0.4925 0.198 0.4625 0.18 0.44000000000000006 0.16799999999999998 0.44000000000000006 0.142 0.4625 0.13799999999999998 0.4925 0.11000000000000001 0.52 0.10400000000000001 0.5775
6 0 0.5725 0.024 0.58 0.038 0.545 0.036 0.49749999999999994 0.028000000000000004 0.48250000000000004 0.002 0.46749999999999997 0 0.46749999999999997 0 0.5725
6 0 0.6875 0.018 0.6925 0.048 0.6775 0.057999999999999996 0.6425 0.041999999999999996 0.6025 0.012 0.5775 0 0.5775 0 0.6875