6 0.5159202828125 0.48666554375000004 0.4880597875 0.5100008421875 0.47890883593750005 0.5556749484375 0.489232115625 0.6291289 0.515475678125 0.68924839375 0.6106403296875 0.7174876484375 0.62426655 0.6878300921875 0.6181490515625 0.644301825 0.569259653125 0.5180087062500001 0.5432418015625 0.491148509375 0.5159202828125 0.48666554375000004
6 1 0.68891964375 0.9979738890625001 0.68801973125 0.9761618171875 0.6910852171874999 0.9713732796875 0.736146228125 0.9371257984374999 0.7298623906249999 0.952011903125 0.7249960328125 0.9355964234374999 0.718980325 0.9366305984375 0.710512225 0.9493354984375 0.7059524171875 0.945624915625 0.6953769000000001 0.9129068078125 0.6999751296875 0.8719590687500001 0.72514971875 0.8604012015625001 0.737871078125 0.85136310625 0.800174834375 0.826830846875 0.8313651328124999 0.8115623984375 0.833510975 0.8003868734375 0.8489528500000001 0.7919315328125001 0.8362699125 0.75730170625 0.827265559375 0.7417637671875 0.8433205312500001 0.7177704890625 0.8466925671875 0.7093151484375 0.8340096296875 0.7002517546875 0.7853468796875 0.678709171875 0.774503234375 0.633555653125 0.769752140625 0.6249874578125 0.7404395546875 0.6121697046875 0.728369715625 0.588289278125 0.7483713984375 0.57286419375 0.7810560203125 0.5737417375 0.803126703125 0.544847065625 0.8349300984375001 0.5312646234375 0.8174192265625001 0.47570026875 0.833551040625 0.4632648578125 0.82420171875 0.45840724374999997 0.80546465 0.4365951734375 0.8085301375 0.42672331249999995 0.8015947828125001 0.44160942031249995 0.796728425 0.43931535781250003 0.7804053234375 0.44727549843750003 0.7737380968750001 0.4330412234375 0.7674158390625 0.3610613875 0.7775319453125 0.34077868906250003 0.7914795 0.320608846875 0.8220567000000001 0.2898462359375 0.793089084375 0.270215371875 0.7958480234375 0.24235487656250002 0.8191833203125001 0.216449878125 0.8089527734375 0.2048920109375 0.8216741328125 0.20324978124999998 0.7941624171874999 0.194794440625 0.7814794796875 0.18132485468749998 0.7805982546875 0.1750507203125 0.76760876875 0.119486365625 0.783740584375 0.1062862671875 0.7689502265625 0.0858907140625 0.7662681328125001 0.0793470921875 0.767187778125 0.0754798765625 0.787151040625 0.065720871875 0.796845334375 0.03691331875 0.7976153125 0.064224821875 0.9919467640624999 0.06631044375 0.9909600859375001 0.084659153125 1 0.11199671874999999 1 0.13802079218750002 0.9947531109375 0.150876875 1 0.5349634078125 1 0.617573109375 0.9883899640625 0.6400370140625 0.9741358609375 0.654427921875 0.9499193390625 0.6817494374999999 0.9544023046874999 0.7809379390625 0.9321395156250001 0.795711190625 0.9106435093749999 0.81457736875 0.9024435375 0.8888512687500001 0.90865053125 0.9035116656250001 0.8705248765625001 0.932249703125 0.8692602609375 0.9349261078125 0.8883038765625001 0.94736151875 0.8976532 1 0.892550103125 1 0.68891964375
6 0.6391088765624999 0.7301321640625 0.6407511078125 0.7576438796875 0.719187009375 0.8409449859375 0.839535746875 0.8268053249999999 0.85239728125 0.791706734375 0.853519015625 0.688901778125 0.8423872703124999 0.6571752234375 0.73451771875 0.633495778125 0.6391088765624999 0.7301321640625
6 0.4648817890625 0.7407469250000001 0.4617792625 0.7661512218750001 0.4792979953125 0.8274969109375 0.5622529453125 0.8796461390625 0.5817709546875001 0.8602575531250001 0.603444875 0.729595909375 0.5122602953125 0.6980230421875 0.48505163125 0.710169725 0.4648817890625 0.7407469250000001
6 0.534963409375 1 0.5633155796875 0.9960153625 0.568978496875 0.9591542203125 0.545342265625 0.854280265625 0.5131631343749999 0.8310602312500001 0.48262623437499996 0.8353519125 0.44813455781249995 0.9539437156250001 0.45272268281250005 0.986589915625 0.47994171718749995 1 0.534963409375 1
6 0.3882923484375 1 0.43259661875 0.9699986890625001 0.44518866562500004 0.9488092312499999 0.45265360781249997 0.9227918374999999 0.4465361078125 0.879263571875 0.403068596875 0.8548557640625001 0.35481255156249997 0.8755089671875 0.33284384375 0.9091132343749999 0.330236515625 0.953867696875 0.3367199875 1 0.3882923484375 1
6 0.22919855781249998 0.7572245359374999 0.2364630875 0.8089143515625 0.3212606796875 0.8108680843749999 0.3774077921875 0.719749575 0.37614790625 0.694958378125 0.3248768890625 0.6466790171875 0.2816350875 0.6555305078125 0.2499073765625 0.6988290687500001 0.22919855781249998 0.7572245359374999
6 0.2477261703125 0.6991356171875001 0.3128238203125 0.6400502109375 0.2749095359375 0.5760224265625 0.241696228125 0.5612704921875 0.21334053593750002 0.565255625 0.2118802375 0.6181716359375 0.2477261703125 0.6991356171875001
6 0.111996125 0.6987914703125 0.1184959671875 0.745040253125 0.13938671875 0.7670725140625 0.19762748125000001 0.769984315625 0.2185620109375 0.744848146875 0.19733269375 0.672926940625 0.1720795296875 0.6515077765624999 0.140777940625 0.6503584234375 0.111996125 0.6987914703125
6 0.05598034843750001 0.6484046921875 0.0378535625 0.5510791875 0.000507246875 0.5385726609375 0.0301006484375 0.7491406515625 0.038825478125 0.74791445625 0.05598034843750001 0.6484046921875
6 0.45744214375 0.877730828125 0.46016232968750004 0.8496060140624999 0.47570026875 0.833551040625 0.45959805468750003 0.7664577703125001 0.43243317187499997 0.731436025 0.38651496406249997 0.7212438984375 0.36688409843750003 0.7240028359374999 0.33400935781249996 0.7591398468749999 0.3382151390625 0.78906553125 0.3220253671875 0.8163091187499999 0.3330004796875 0.8785744531249999 0.346470065625 0.879455678125 0.3681692828125 0.8597605421875001 0.3979414953125 0.8500278281250001 0.45744214375 0.877730828125
6 0.44743213125 0.743199315625 0.4673324859375 0.7265312453125 0.455818396875 0.692084175 0.39849895625 0.6640746265625 0.37668688281249996 0.6671401140625 0.3861326203125 0.71852338125 0.44743213125 0.743199315625
6 0.320608846875 0.8220567000000001 0.32312861875 0.8716390984375 0.3341475109375 0.886736003125 0.44462439062500003 0.8656609874999999 0.44952578125000003 0.837229625 0.4258457703125 0.7795240999999999 0.40610205 0.7656533890625 0.36067904375 0.774811428125 0.320608846875 0.8220567000000001
6 0.3370865890625 0.6227690421875 0.33872881875 0.650280759375 0.356673675 0.667178534375 0.3886270953125 0.657139271875 0.438995275 0.572381440625 0.43413766093749995 0.5536443734375001 0.39399839062500003 0.5370915671875001 0.3545800265625 0.5731482234375 0.3370865890625 0.6227690421875
6 0.458112459375 0.708407275 0.481046265625 0.6025368296875 0.43937761875000003 0.5751019578125 0.41228181093750005 0.6038782890625 0.3994202765625 0.638976878125 0.397351925 0.6559130765625001 0.458112459375 0.708407275
6 0.7315718234374999 0.62836129375 0.7490214828124999 0.6259089046875 0.829187171875 0.6423848671875 0.8580380640625 0.6577499 0.892937378125 0.6528451203125 0.8999071234375 0.6074775625 0.8870202921875 0.5316096453125 0.8272501562500001 0.517815775 0.818794815625 0.5051328390625 0.789943925 0.48976780625 0.7612058859374999 0.49103242343750003 0.7482752765625 0.4623329328125 0.7387857609374999 0.45811809531250003 0.7366045546875 0.45842464375 0.68578495625 0.4766638796875 0.66266921875 0.502106596875 0.6609832109375 0.5217633109375 0.6741833078125 0.5365536671875 0.6872267734374999 0.5818828046875 0.6716450546875 0.64510620625 0.7037113296874999 0.6516965906250001 0.7315718234374999 0.62836129375
6 0.8228877421874999 0.5184288734375 0.7892045328124999 0.5952932796875 0.7930279703124999 0.6224984484375 0.8044292046875 0.64031586875 0.8514944421875 0.6586695453125 0.892937378125 0.6528451203125 0.9004023203125 0.6268277265625 0.8899661875 0.5367441281249999 0.8228877421874999 0.5184288734375
6 0.8537700218750001 0.8331275828125 0.928651975 0.8753143906249999 0.9924897406250001 0.7914377859374999 0.9489531546875 0.7032319 0.9238128437500001 0.6984423859375 0.8622000640625 0.7348440125 0.8499465859375 0.805922415625 0.8537700218750001 0.8331275828125
6 0.6609832109375 0.5217633109375 0.6601056671875 0.49969262812500004 0.6512679828125 0.48428917499999996 0.6362690234375 0.47252588281249996 0.6024038828125 0.46896256249999996 0.59804146875 0.46957565937499995 0.5686515984375 0.4820288921875 0.5560595546875 0.50321835 0.5857879890625 0.5406540640624999 0.6207126015625 0.64671579375 0.666900296875 0.6429987859375 0.685810253125 0.5876303859374999 0.680075096875 0.5468226375 0.6609832109375 0.5217633109375
6 1 0.6531365796874999 0.98607745625 0.6508521421875 0.9651867062499999 0.6288198828125 0.9353016359374999 0.6219229484375 0.9243956000000001 0.6234556921875 0.9147494515625001 0.649779634375 0.9284447468750001 0.68392015625 0.9444778843750001 0.6872153484375 0.9671674984375 0.70622054375 0.9737111203125 0.7053008968750001 0.97719599375 0.6826171171875 1 0.686961540625 1 0.6531365796874999
6 0.0841356296875 0.72212676875 0.10518301562500001 0.7136202484374999 0.1328178 0.657025653125 0.1516839765625 0.6488256812500001 0.18118670312500001 0.6530020984375 0.19951390156249998 0.6726203921875 0.1937349671875 0.6789810703125 0.2010432765625 0.6835024578125 0.2188314984375 0.7309390140625001 0.226409296875 0.7215512687500001 0.2226987140625 0.7109757515624999 0.23398709375 0.712163525 0.2404178609375 0.6946142296875 0.228790915625 0.6435375109375 0.2096990296875 0.618478184375 0.2189628359375 0.5894337265625 0.2162864296875 0.570390109375 0.19397915937500002 0.55410543125 0.1678046734375 0.5577840140625 0.151884390625 0.5711184703125001 0.1407526453125 0.5393919171875 0.1176806859375 0.5176662046875 0.1045934421875 0.519505496875 0.0796788421875 0.5479752796875 0.079904553125 0.5812345765625 0.0535734328125 0.6154519421875 0.055823715625000006 0.678943471875 0.0684848359375 0.7215520921875 0.0845179734375 0.724847284375 0.08784621249999999 0.7327022875 0.0841356296875 0.72212676875