6 0.4760968140625 0.5509116 0.5050553265625 0.48338706406250004 0.5195249171875 0.3989839546875 0.5111423703125 0.330713584375 0.48832248125 0.2748773765625 0.45998944843749995 0.24637179687500002 0.425956275 0.2292275859375 0.24301667968750001 0.1983823453125 0.2028255515625 0.2033171953125 0.16774133125 0.22095184531249998 0.1323862859375 0.2652734484375 0.11060452968750001 0.347909009375 0.08717849375 0.4893846 0.097037659375 0.5841273625000001 0.12477746249999999 0.6366941125000001 0.18125653749999998 0.6777360109375 0.26243835 0.761056084375 0.3406669328125 0.791431371875 0.39515999062499996 0.787405834375 0.423525275 0.7439424671875 0.44646124218749994 0.6851535156249999 0.4644772953125 0.6296340265625 0.4760968140625 0.5509116
6 0.6181359718749999 0.7253780171875001 0.6380864578125001 0.685613228125 0.68392614375 0.6400042734375 0.668315259375 0.5273101421875 0.6528591203125 0.5025542203125 0.609121528125 0.47860545156249995 0.5109424609375 0.48799495468750004 0.4789468859375 0.545230915625 0.4708222453125 0.6235242234375 0.4913337125 0.6316672125 0.504907 0.6699811703125 0.4947447625 0.67389430625 0.49603438593750004 0.684397440625 0.49856205 0.676090971875 0.5100139078125 0.6826809703125 0.525792453125 0.7100626765625 0.5695300453125001 0.7340114453125001 0.6181359718749999 0.7253780171875001
4 0.94112870625 0.885622240625 0.9472866625 0.8635431796875 0.9265882015625 0.8394309312500001 0.9275038375 0.8179955453125001 0.9433662125 0.8027210421875 0.9724278890625 0.7938219765625 0.969390825 0.7835334015625001 0.9436370374999999 0.776034090625 0.7874700296875 0.7898782484375 0.7742707296875 0.7835028078125 0.7692992328125 0.7574595328125 0.760239625 0.7559065421875 0.758627596875 0.7427776234375 0.680179771875 0.7684020265625 0.5708712499999999 0.7738273140625 0.539926721875 0.7962844140625001 0.49624071093750005 0.80164838125 0.45935746875000005 0.7901848546875 0.44707380468749996 0.76237403125 0.4455971890625 0.7359016375 0.44513937031250006 0.7466193296875 0.43336510625 0.7374035484375 0.4255951203125 0.7463536921875 0.40693425781250003 0.796621615625 0.3985194609375 0.80032019375 0.307652559375 0.8114772468749999 0.288379134375 0.78452465625 0.2599106875 0.7693625515625 0.17175844375 0.7881823953125 0.05814256875 0.8740976593750001 0.06486150625 0.8999263765625001 0.1159112640625 0.9256426937500001 0.1391889703125 0.9707612093750001 0.2326351171875 0.9806104234375 0.2611035640625 0.995772528125 0.39197460156249997 0.9637113656249999 0.40512231875 0.9407740703125 0.43197873593749997 0.9428072562500001 0.46881039687500003 0.9249580484375001 0.48977968125000004 0.92238334375 0.4952089953125 0.9377089265624999 0.529055175 0.938883878125 0.6888524765625 0.9112671265625 0.6999819296875 0.915231340625 0.7019163640625 0.9309860437499999 0.71226559375 0.9430421656249999 0.7286373687500001 0.9463627046875001 0.7912228171875 0.9360128078125 0.8102576687499999 0.917683403125 0.825068996875 0.937187759375 0.82700343125 0.9529424593750001 0.8440200171875001 0.961514565625 0.902684090625 0.9543115234374999 0.9456423859375 0.922383209375 0.94112870625 0.885622240625
6 0.8424209062499999 0.7751350171875 0.936137875 0.7582972812500001 0.93976816875 0.7445246890624999 0.9323528390625 0.68413166875 0.9032395828125 0.663717996875 0.8697158078125 0.6651688296875 0.8465412656250001 0.6786757859375 0.833715953125 0.704238865625 0.8424209062499999 0.7751350171875
6 0.830085659375 0.7180114578125 0.8416213484374999 0.6819452453125 0.86415108125 0.663186721875 0.865659946875 0.6176901671875 0.8386165359375 0.5996877234375 0.7844458828125 0.6063390421875 0.765378784375 0.6966373953125 0.7689252453125001 0.7255210125 0.8065887109375 0.7288926296875 0.830085659375 0.7180114578125
6 1 0.66414901875 0.9508782890624999 0.6472072203125 0.9372211734375 0.651549471875 0.9310632156249999 0.6736285343749999 0.944823496875 0.7279117515625 1 0.7153255953125 1 0.66414901875
6 0.7915452234375 0.938638590625 0.7966005515625 0.9220256546875 0.8288347015624999 0.9100716906249999 0.8269002671875001 0.8943169890625 0.7866575578125 0.869939103125 0.716759940625 0.8785214515625 0.69947253125 0.8966362984374999 0.7001689234375 0.9312006015625001 0.73213225 0.9459335875000001 0.7915452234375 0.938638590625
6 0.0785949109375 1 0.1139445828125 0.9818569406250001 0.1086506796875 0.9531878796875001 0.09429716875000001 0.92296583125 0.07139345 0.9097858343749999 0.046582078124999995 0.9099618890625001 0.0576373671875 1 0.0785949109375 1
6 0.477154278125 0.7906650515625 0.539281909375 0.7910328484375 0.55431248125 0.7545375171875001 0.55076601875 0.7256538984375001 0.5386693484375 0.713812334375 0.5221621609375 0.723835271875 0.46559925625 0.7254495828125 0.44720921718750006 0.7490305546875 0.448498840625 0.7595336890625 0.46013769218749995 0.782092946875 0.477154278125 0.7906650515625
6 0.6523561375 0.7584914890625 0.692547265625 0.7535566390625 0.6970931953124999 0.7183486609374999 0.689864859375 0.6739249 0.6820432921874999 0.653562309375 0.6709138375 0.64959809375 0.6458564421874999 0.676663084375 0.6237006968750001 0.7273601249999999 0.6523561375 0.7584914890625
6 0.530581309375 1 0.5650120328125 0.9957724390625 0.562308125 0.9641199984375 0.5537063343749999 0.9518493156250001 0.47152505468749994 0.9326208390625 0.405444725 0.943399853125 0.393722040625 0.96349680625 0.39216276875 1 0.530581309375 1