6 0.47148391875 0.5123820375 0.5032654265625001 0.44783166406249997 0.52174235625 0.36603264062499996 0.5170437328124999 0.29883920625 0.4975885328125 0.24306565156249998 0.47134080625 0.213737075 0.4389361921875 0.1952270296875 0.2616081265625 0.15568702031249998 0.2220495515625 0.1584532265625 0.1868344359375 0.17390070468750002 0.1499866046875 0.21543235312500003 0.12444920781249999 0.2951280921875 0.094287878125 0.43228116562499996 0.09907372656249999 0.525438496875 0.1235080234375 0.578266878125 0.17663911875 0.6212975843749999 0.25176170781249996 0.7069394921875001 0.3267098484375 0.7406536046875 0.3802086421875 0.7395096046875 0.4101767203125 0.6984590374999999 0.43562062656249995 0.6421428312499999 0.456085434375 0.5887717968749999 0.47148391875 0.5123820375
6 0.6014512734374999 0.690277815625 0.6230003796875 0.6524129578125 0.6701678375 0.61015969375 0.6606771015625 0.49915236093750004 0.6468303718749999 0.4741506203125 0.60528391875 0.4484888359375 0.5087866734375 0.45263957968749996 0.47456236250000006 0.506972771875 0.46260375312499996 0.5831219921875 0.48224593593750004 0.592136475 0.493556371875 0.63030056875 0.483417459375 0.63360655 0.4841403234375 0.6439440015625 0.48703804999999994 0.635950375 0.497899828125 0.64298184375 0.5119272734375 0.670567946875 0.553473725 0.6962297328125 0.6014512734374999 0.690277815625
4 0.89925595625 0.7967062703125001 0.91555175625 0.782581759375 0.9444292703125001 0.7753684468750001 0.9419864671875 0.765151265625 0.9171844703125 0.7564975921875 0.763748553125 0.7620328765625 0.7511668390625 0.755121675 0.7476397390625 0.7293983171875 0.7388593328125 0.727415303125 0.7379557515624999 0.7144934890625 0.6599229 0.7355320765625 0.55274459375 0.7352357140625 0.5213307859375 0.7556113796874999 0.4783323359375 0.758618125 0.4428492765625 0.74551734375 0.4322617078125 0.7176907015625 0.43217448281250004 0.691726803125 0.43117741093750006 0.7021845250000001 0.4201349171875 0.692568690625 0.4120773765625 0.7009231296875 0.3912511359375 0.7491254359374999 0.3828321609375 0.7523111484375 0.2933953859375 0.7585651765625 0.275928065625 0.7312196140625 0.24886398125000003 0.714933121875 0.1616892890625 0.72881996875 0.046172967187500004 0.8070166484374999 0.051420006250000004 0.8326197375 0.100026928125 0.8603848078125 0.1204792015625 0.905700640625 0.2113617078125 0.9201215156250001 0.23842579062499997 0.9364080078124999 0.3680567828125 0.911761328125 0.3820904953125 0.8900039968750001 0.4082509984375 0.893368675 0.44518605312500004 0.8778009265625 0.465825309375 0.8763576890625 0.4703494828125 0.8916233265625 0.5033897374999999 0.894506925 0.6610818875 0.8756890171875 0.671762946875 0.8801361249999999 0.6728472453125 0.8956423015625001 0.6823505171875001 0.9079627671875 0.698191390625 0.9120490640625001 0.75992844375 0.9051349890625 0.7794834015625 0.888185575 0.7929686984375001 0.908018590625 0.7940529953125 0.923524765625 0.826457609375 0.9420348125 0.8505367421875001 0.9403510359375 0.911644421875 0.899719975 0.90911439375 0.86353889375 0.9162683546875 0.84226264375 0.8972618125 0.8176217140625001 0.89925595625 0.7967062703125001
6 0.818244421875 0.7504311546875 0.9107596421874999 0.7387678609375 0.9150158749999999 0.7254852374999999 0.9108594015625 0.6660448921875 0.8834338859375 0.6445896734375001 0.8505743453125 0.6442904375 0.827218078125 0.6563116640625 0.8133650828125001 0.6806533578125 0.818244421875 0.7504311546875
6 0.80910885 0.69393598125 0.82223898125 0.6592568359375 0.8452338171875 0.6420668828125 0.8490413921875 0.5976516359375 0.8235165296875 0.578660509375 0.77019845 0.5823888734375 0.746923140625 0.6697174328125 0.7489110203125 0.6981454234375 0.7855718656249999 0.7033728484374999 0.80910885 0.69393598125
6 1 0.6588548750000001 0.9308692828125 0.6308846671875 0.9172904953125001 0.634431190625 0.9101365359375 0.655707440625 0.9208113296875 0.70949798125 0.995946453125 0.696453021875 1 0.6877651703125001 1 0.6588548750000001
6 0.760109159375 0.9077193515624999 0.7659046140625 0.891732096875 0.7980412875 0.8816938828125 0.796956990625 0.8661877046875001 0.7588504140625 0.8402853796875001 0.6900528921875 0.8450961703125 0.672217871875 0.861925315625 0.6711273078125 0.895762571875 0.7016312671875 0.911808525 0.760109159375 0.9077193515624999
6 0.0915144609375 0.8869500546875001 0.0790262390625 0.8566593203125 0.0573026859375 0.8425963812499999 0.022625899999999997 0.8410258328125 0.029867525 0.9445858890625001 0.0952222796875 0.9152577765625001 0.0915144609375 0.8869500546875001
6 0.46022937343750003 0.7468990078125 0.520969353125 0.7504426546875 0.537539359375 0.71552296875 0.53555148125 0.687094978125 0.524328271875 0.674894784375 0.5076710390625 0.6838505687499999 0.452271590625 0.6825304765625 0.4330780640625 0.7046486171875 0.43380092968749995 0.71498606875 0.444027065625 0.7376439859375 0.46022937343750003 0.7468990078125
6 0.6332202484375 0.724414309375 0.6727788218749999 0.7216481046875 0.6790292 0.6874500390625 0.6742370859375 0.6436361390625 0.6676315421875 0.623322046875 0.6569504828125 0.6188749390625 0.6310579203125 0.644058521875 0.6067918046874999 0.6925013703125 0.6332202484375 0.724414309375
6 0.43295323750000003 0.9747453187499999 0.53614951875 0.9675291312500001 0.5346165640625 0.9208903312500001 0.5268332296875 0.9084495968749999 0.447448140625 0.8854337453125 0.38227121249999996 0.8925883593749999 0.369776721875 0.9116410578125 0.36578842968749997 0.9534719421875 0.378550859375 0.9629675046875 0.407609090625 0.9583385546875001 0.43295323750000003 0.9747453187499999