6 0.5533333328125 0.596491228125 0.5766666671875 0.646616540625 0.605 0.6992481203125 0.6366666671875 0.7368421046875 0.6883333328125001 0.7343358390625 0.7583333328124999 0.6967418546874999 0.825 0.60902255625 0.8733333328124999 0.5639097750000001 0.8933333328125 0.5112781953125001 0.8916666671875 0.42105263125 0.8533333328125 0.29072681718750004 0.8233333328124999 0.215538846875 0.7849999999999999 0.1779448625 0.75 0.165413534375 0.7116666671874999 0.165413534375 0.5433333328125001 0.215538846875 0.5133333328125 0.235588971875 0.49000000000000005 0.2656641609375 0.475 0.32080200468750003 0.475 0.3859649125 0.49833333281250003 0.4636591484375 0.5333333328125 0.5238095234375 0.5533333328125 0.596491228125
6 0.46666666718750005 0.7067669171875 0.505 0.6791979953125 0.5166666671875 0.6516290734375 0.5266666671875 0.644110275 0.53 0.6516290734375 0.53 0.6416040093750001 0.52 0.6390977437500001 0.5283333328125 0.601503759375 0.5466666671875 0.591478696875 0.53 0.5187969921875 0.4933333328125 0.4686716796875 0.4 0.47117794531249996 0.3616666671875 0.4987468671875 0.35 0.5238095234375 0.3483333328125 0.631578946875 0.3966666671875 0.6691729328125 0.42000000000000004 0.7042606515625 0.46666666718750005 0.7067669171875
4 0.1433333328125 0.8471177937500001 0.1266666671875 0.8721804515624999 0.135 0.8922305765624999 0.135 0.9273182953125 0.1966666671875 0.9624060156249999 0.22000000000000003 0.9624060156249999 0.25 0.9423558890624999 0.25 0.9273182953125 0.2616666671875 0.9072681703125 0.2816666671875 0.9223057640625001 0.3416666671875 0.9248120296875 0.3566666671875 0.9197994984375001 0.365 0.9072681703125 0.365 0.8922305765624999 0.375 0.8872180453125 0.5283333328125 0.8947368421874999 0.5599999999999999 0.8897243109374999 0.5633333328125001 0.8746867171874999 0.5833333328125 0.8746867171874999 0.62 0.8872180453125 0.645 0.8822055140625 0.6599999999999999 0.9022556390625001 0.7866666671875 0.9172932328125001 0.8116666671875 0.8997493734375 0.8983333328124999 0.8796992484375 0.915 0.834586465625 0.96 0.8045112781249999 0.9633333328125 0.7794486218750001 0.8466666671875 0.7117794484375 0.7616666671875 0.7042606515625 0.7366666671875 0.7218045109375 0.7216666671875 0.7493734328125 0.635 0.7493734328125 0.6266666671875 0.7468671671875 0.6033333328125 0.7017543859375001 0.595 0.6942355890624999 0.585 0.7042606515625 0.5833333328125 0.6942355890624999 0.585 0.7192982453125001 0.5766666671875 0.7468671671875 0.5433333328125001 0.7619047625 0.5016666671875 0.7619047625 0.47000000000000003 0.7443609015625 0.36666666718749996 0.7518797 0.29 0.7368421046875 0.29 0.7493734328125 0.2816666671875 0.7518797 0.27999999999999997 0.77694235625 0.2683333328125 0.784461153125 0.12 0.789473684375 0.0966666671875 0.799498746875 0.095 0.809523809375 0.1233333328125 0.814536340625 0.13999999999999999 0.82706766875 0.1433333328125 0.8471177937500001
6 0.215 0.7092731828125001 0.2 0.6867167921874999 0.1766666671875 0.6766917296875 0.145 0.6791979953125 0.12 0.7017543859375001 0.12 0.759398496875 0.125 0.771929825 0.215 0.77694235625 0.215 0.7092731828125001
6 0.24333333281249997 0.7293233078125 0.2783333328125 0.7218045109375 0.2783333328125 0.6942355890624999 0.25 0.611528821875 0.1983333328125 0.611528821875 0.175 0.631578946875 0.1816666671875 0.6741854640625 0.205 0.6892230578125 0.22000000000000003 0.7218045109375 0.24333333281249997 0.7293233078125
6 0.12 0.6917293234375 0.1116666671875 0.6716791984375 0.0983333328125 0.6691729328125 0.031666667187500004 0.7017543859375001 0.031666667187500004 0.7218045109375 0.04 0.7368421046875 0.11333333281249999 0.7443609015625 0.12 0.6917293234375
6 0.3383333328125 0.9248120296875 0.36666666718749996 0.9072681703125 0.3633333328125 0.8746867171874999 0.34500000000000003 0.8596491234375 0.2783333328125 0.8596491234375 0.24333333281249997 0.8872180453125 0.24333333281249997 0.9022556390625001 0.275 0.9097744359375 0.2816666671875 0.9248120296875 0.3383333328125 0.9248120296875
6 0.9550000000000001 0.814536340625 0.9349999999999999 0.829573934375 0.925 0.8596491234375 0.9233333328125 0.8872180453125 0.9983333328124999 0.9147869671875 0.9983333328124999 0.809523809375 0.9550000000000001 0.814536340625
6 0.575 0.7393483703125 0.5833333328125 0.7167919796875 0.5833333328125 0.7067669171875 0.5633333328125001 0.6867167921874999 0.51 0.6917293234375 0.4933333328125 0.6842105265625 0.48333333281249996 0.6967418546874999 0.48333333281249996 0.7243107765625 0.5016666671875 0.7568922312499999 0.5599999999999999 0.7493734328125 0.575 0.7393483703125
6 0.41500000000000004 0.7067669171875 0.3883333328125 0.6616541359375 0.3616666671875 0.6390977437500001 0.3516666671875 0.644110275 0.3466666671875 0.6641604015625 0.34500000000000003 0.7067669171875 0.3533333328125 0.7393483703125 0.3916666671875 0.7393483703125 0.41500000000000004 0.7067669171875
6 0.625 0.9498746859375 0.6533333328125 0.952380953125 0.665 0.9423558890624999 0.6583333328125 0.9022556390625001 0.645 0.8847117796875 0.5816666671874999 0.8822055140625 0.5066666671875 0.9097744359375 0.5 0.9223057640625001 0.5016666671875 0.9674185468750001 0.6016666671875 0.9674185468750001 0.625 0.9498746859375