4 0.4956365609375 0 0 0.008651368750000001 0 0.5043634390625 0.008651368750000001 1 0.40464589999999995 1 0.41308707968749997 0.9777800843750001 0.4360964765625 1 0.4388136484375 1 0.476465590625 0.9707205203125 0.4934073328125 1 0.5043633921875 1 1 0.99134863125 1 0.6196223953125 0.9941701000000001 0.6163932703125 1 0.6014451328125 1 0.4956365390625 0.99134863125 0 0.4956365609375 0
6 1 0.62258333125 0.57484584375 0.6951520546875 0.5159544015625 0.731899734375 0.474076271875 0.833836609375 0.48462482500000004 1 0.504363459375 1 1 0.99134863125 1 0.62258333125
6 0.40198881406250003 1 0.4236395453125 0.90020315 0.39441163125 0.8173672984374999 0.37050185 0.8118313578125 0.366118665625 0.788094715625 0.24511539531249998 0.67709436875 0.00023270937500000002 0.517695325 0.008651368750000001 1 0.40198881406250003 1
6 0 0.504363459375 0.00007176249999999999 0.5084747296875001 0.24093997812499998 0.6652606765625 0.264226459375 0.635087771875 0.262356559375 0.52796123125 0 0.3715720828125 0 0.504363459375
6 0.5617163765625001 0.3977168453125 0.4895715 0.3573031265625 0.3544636484375 0.34775486718750004 0.33096939999999997 0.3660248234375 0.309345053125 0.49142131874999995 0.28250645625000004 0.545469378125 0.269129059375 0.688581784375 0.42260071093749996 0.84068840625 0.46593320625 0.8220721718749999 0.47658955468749997 0.7504467125 0.527441815625 0.7078860687499999 0.7011873296875 0.6572270296875 0.66381635 0.5626267390625 0.5617163765625001 0.3977168453125
6 1 0.4956365265625 0.9966688359375 0.30479426875 0.9923202796874999 0.28304144999999997 0.9720664984375 0.2595818296875 0.8727713749999999 0.2553617453125 0.739117890625 0.32913412656249996 0.7160391765624999 0.37120998125 0.6946225953125 0.5085094265625 0.7168501609375 0.6450470578124999 0.8636531968750001 0.6424846015625 1 0.59306140625 1 0.4956365265625
6 0.392166359375 0.23398429843750002 0.3318205484375 0.1874113375 0.284208753125 0.188242403125 0.247357190625 0.12339948593750001 0.21927199375 0.1060298515625 0.1833553796875 0.094750203125 0.0807159078125 0.1263082203125 0.034350712500000005 0.1985569796875 0.036636146875 0.3294894171875 0.0535455796875 0.3887271375 0.26622032500000004 0.5219405015625 0.3013058703125 0.48560835625000004 0.32689786718749997 0.36014260625 0.35425588124999996 0.33585191718749996 0.4058353265625 0.3349515953125 0.392166359375 0.23398429843750002
6 0 0.109585209375 0.0261037625 0.18084106718749998 0.060877659375000004 0.1266544984375 0.183251496875 0.088798728125 0.24725330781250002 0.11744801093749999 0.28807252031249997 0.1822216734375 0.3356843140625 0.18139060625 0.3719125765625 0.210524678125 0.3869521078125 0.1626358609375 0.381737859375 0.0912874234375 0.32546358125 0.05059668125 0.17448513125 0.0413254453125 0.058799992187500004 0.0076250109375 0.0032528984375 0.0085945890625 0 0.0111241578125 0 0.109585209375
6 0.3492694796875 0.050181146875000006 0.33332355625 0.0028331843749999997 0.09790968125 0.0069423484375 0.2141616265625 0.0406328890625 0.3492694796875 0.050181146875000006
6 0.85982959375 0.19605476875 0.85679689375 0.24968729375 0.9639234328124999 0.24781739218749999 0.9880409796875 0.26525628125 0.9964397593750001 0.2916704984375 0.9919070187499999 0.0319900140625 0.8973245375 0.0703812515625 0.85982959375 0.19605476875
6 0.7192796421875001 0.3294804046875 0.7745150859375001 0.310656403125 0.7932106171875 0.24484390781249998 0.7805804843749999 0.203391353125 0.7531185875 0.22173056562500001 0.5606976234375 0.1119768203125 0.46161026875 0.119659684375 0.40261494062500003 0.15045588906250001 0.38339999375 0.18651101406249998 0.37995175937500003 0.21633764218749998 0.4126279078125 0.269346865625 0.41794604062499996 0.346646778125 0.5293518781250001 0.36256204375 0.6387638515625 0.49162457968749995 0.6663296328125 0.47923684375000003 0.664875265625 0.3959162015625 0.7192796421875001 0.3294804046875