4 0 0 0 0.99453551875 0.4 0.99453551875 0.410909090625 0.9672131140625 0.43272727343749995 0.9890710374999999 0.46909090937500003 0.961748634375 0.4872727265625 0.99453551875 0.9963636359375 0.99453551875 0.9963636359375 0.672131146875 0.949090909375 0.64480874375 0.9781818187500001 0.5737704921875 0.9854545453125001 0.48633879843749994 0.9963636359375 0.47540983593749997 0.9963636359375 0.43715847031250005 0.9818181812500001 0.4316939890625 0.9963636359375 0.415300546875 0.9963636359375 0.1147540984375 0.9854545453125001 0.092896175 0.9963636359375 0.08743169375 0.9781818187500001 0.0710382515625 0.9963636359375 0.049180328125 0.9963636359375 0.0109289625 0.9818181812500001 0 0.72 0 0.7072727265625 0.016393442187500003 0.6872727265624999 0.016393442187500003 0.6836363640625 0 0 0
6 0.9563636359375 0.6502732234375 0.5636363640625001 0.7103825140625 0.509090909375 0.7431693984375001 0.46909090937500003 0.8360655734375 0.4763636359375 0.99453551875 0.9963636359375 0.99453551875 0.9963636359375 0.677595628125 0.9563636359375 0.6502732234375
6 0.3963636359375 0.8196721312499999 0.3745454546875 0.81420765 0.370909090625 0.7923497265624999 0.26181818125 0.6885245906249999 0.0036363640625 0.5136612015625001 0 0.99453551875 0.4 0.9890710374999999 0.42181818125000003 0.8961748640625 0.3963636359375 0.8196721312499999
6 0.27999999999999997 0.5519125687499999 0.0072727265625 0.3825136609375 0 0.502732240625 0.25818181875 0.677595628125 0.27999999999999997 0.6502732234375 0.27999999999999997 0.5519125687499999
6 0.4727272734375 0.7595628421875 0.52 0.721311475 0.6799999999999999 0.677595628125 0.6472727265625 0.590163934375 0.5563636359374999 0.43715847031250005 0.49090909062500004 0.398907103125 0.3672727265625 0.38797814218750004 0.3454545453125 0.40437158437500004 0.3236363640625 0.5191256828124999 0.29818181875 0.5683060109375 0.28363636406250003 0.6994535515625 0.42181818125000003 0.8415300546875001 0.46181818124999996 0.8251366125 0.4727272734375 0.7595628421875
6 0.9563636359375 0.6229508203125 0.9636363640625 0.398907103125 0.9527272734375 0.3387978140625 0.9345454546875 0.316939890625 0.8436363640625 0.31147540937499996 0.72 0.3770491796875 0.69818181875 0.415300546875 0.6763636359375 0.54098360625 0.6945454546875001 0.6666666671875 0.8290909093750001 0.6666666671875 0.9563636359375 0.6229508203125
6 0.3163636359375 0.5136612015625001 0.34181818124999996 0.398907103125 0.3672727265625 0.3770491796875 0.41454545468750004 0.3770491796875 0.4036363640625 0.2841530046875 0.349090909375 0.24043715781250002 0.3054545453125 0.24043715781250002 0.27272727343750003 0.18032786875 0.24727272656250002 0.16393442656249999 0.2145454546875 0.15300546406249999 0.12 0.18032786875 0.0763636359375 0.2459016390625 0.0763636359375 0.36612021875 0.090909090625 0.42076502656250003 0.28363636406250003 0.5464480875 0.3163636359375 0.5136612015625001
6 0.27272727343750003 0.1748633875 0.309090909375 0.23497267812499997 0.3527272734375 0.23497267812499997 0.3854545453125 0.26229508125 0.4 0.21857923437500001 0.3963636359375 0.15300546406249999 0.3454545453125 0.1147540984375 0.2072727265625 0.10382513593750001 0.10181818125 0.0710382515625 0.050909090625 0.0710382515625 0.02181818125 0.092896175 0.069090909375 0.229508196875 0.10181818125 0.18032786875 0.2145454546875 0.14754098437500002 0.27272727343750003 0.1748633875
6 0.05818181875 0 0.12 0.0655737703125 0.24363636406250003 0.10382513593750001 0.3672727265625 0.1147540984375 0.33090909062499996 0 0.05818181875 0
6 0.9963636359375 0.4808743171875 0.9963636359375 0.092896175 0.8690909093749999 0.142076503125 0.8327272734375001 0.25683060156250004 0.8290909093750001 0.3060109296875 0.9272727265625 0.3060109296875 0.949090909375 0.322404371875 0.9963636359375 0.4808743171875
6 0.5272727265625 0.40437158437500004 0.6254545453125 0.5245901640625 0.650909090625 0.5136612015625001 0.650909090625 0.43715847031250005 0.70181818125 0.3770491796875 0.7527272734375 0.3606557375 0.770909090625 0.3005464484375 0.76 0.26229508125 0.7345454546875 0.278688525 0.5599999999999999 0.1748633875 0.46909090937500003 0.18032786875 0.41454545468750004 0.2076502734375 0.3963636359375 0.24043715781250002 0.39272727343749997 0.2677595625 0.42181818125000003 0.316939890625 0.4254545453125 0.38797814218750004 0.5272727265625 0.40437158437500004