4 1 0.48690704218749997 0.98638116875 0.22704426249999998 0.9712504171875 0.22783723125000002 0.9105541046875001 0.30007835312500003 0.9055682921875 0.2773195953125 0.8790894796875 0.278707290625 0.8467225078125 0.24011847656250002 0.7002733453125 0.19599843125 0.63596765625 0.19936855 0.5737674359375 0.2429134203125 0.5534775609375 0.290016875 0.4701309625 0.21956970937500003 0.41687255468749995 0.21660585000000002 0.37483473906250003 0.1382387703125 0.31521408125 0.15862839687500002 0.3027903640625 0.21107461718749998 0.2404626734375 0.17981099375 0.176758546875 0.1946596125 0.0136747265625 0.122636284375 0 0.132938290625 0 0.5130929640625 0.0255177171875 1 0.5130929578125001 1 1 0.9744822828125 1 0.48690704218749997
6 1 0.66080056875 0.79001798125 0.605656084375 0.714665009375 0.6153601796875 0.6072458484375 0.5922147125 0.47725803281249995 0.64506719375 0.40330781875 1 0.5130929671875 1 1 0.9744822828125 1 0.66080056875
6 0.2137266625 1 0.16956552656249999 0.92592329375 0.0431054578125 0.8289605437500001 0.016889828125 0.8353700828124999 0.0255177171875 1 0.2137266625 1
6 0.0441811125 0.7771090484375 0.13995142968750002 0.7951099921875 0.17704927343750002 0.706840575 0.147863428125 0.65657501875 0.09598145625 0.6074989171875 0.035759234375 0.61641004375 0.0441811125 0.7771090484375
6 0.755244759375 0.5211532703125 0.7925975421875 0.5825008421875 0.8439237937499999 0.4762207046875 0.827462446875 0.3792481765625 0.7326403171875 0.23458724531250003 0.6930087515625 0.20213416562500003 0.6397503437500001 0.1991703078125 0.5810320296875 0.23677768437500002 0.54724278125 0.3881788546875 0.569418971875 0.5941971359375 0.6523373203125 0.58409655625 0.7249832578125 0.522739209375 0.755244759375 0.5211532703125
6 0.325048184375 0.6357791328125 0.5545890046874999 0.6007293546875 0.5452647828125 0.42281259843749996 0.5082127796875 0.3672042765625 0.46918277656249996 0.3462296984375 0.3540249296875 0.3925499609375 0.31026405625 0.49843361249999996 0.2774229921875 0.52317479375 0.2725646484375 0.5752245296875 0.325048184375 0.6357791328125
6 0.10324605 0.6013631828125 0.285197465625 0.8162730390625 0.303208559375 0.7980640765625 0.31309855781249996 0.624895359375 0.2388212421875 0.5827479609374999 0.10324605 0.6013631828125
6 0 0.35997378125 0.0607799828125 0.44244835625 0.1178210796875 0.44521397343749997 0.148556671875 0.380298040625 0.13600548437499999 0.357935765625 0 0.22234886562499998 0 0.35997378125
6 0.25743389843750003 0.5760174984375 0.2730387421875 0.5118945359375 0.32328933593750003 0.4574658921875 0.3167996171875 0.40601088125 0.2791460515625 0.338924059375 0.2133364546875 0.313597928125 0.1838039875 0.40147086249999997 0.218403896875 0.5550429203125 0.25743389843750003 0.5760174984375
6 0.46509930781250003 0.3406886890625 0.49944427812500003 0.34464375937499997 0.54406165625 0.399855596875 0.5471153109375 0.3133703609375 0.4935561203125 0.3046672515625 0.40264414843749996 0.2346165703125 0.360433021875 0.225318734375 0.28671142656250004 0.33852757499999997 0.3249665546875 0.4170928984375 0.46509930781250003 0.3406886890625
6 1 0.543912453125 0.9929525171875 0.49718550781250004 0.8690720109375001 0.3770675125 0.8403144171875001 0.40734970156249994 0.84830804375 0.48750096249999997 0.80772829375 0.5817078734375001 0.8184747937499999 0.5696346453125 0.874741015625 0.62999100625 0.94222783125 0.6149441453125 1 0.6433771859374999 1 0.543912453125