4 0.0171556125 0 0 0.49127245156250005 0 0.9828443874999999 0.36368331249999997 0.9955444890624999 0.37356185468750003 0.973148328125 0.3954821109375 0.9966549265625 0.43432928750000005 0.9695850937499999 0.4491110390625 0.998527690625 0.4912724625 1 0.9828443874999999 1 0.9937466359375 0.6878004578125 0.9455256703125 0.6576901375 0.9783880453125 0.5849290578125 0.9891318703125 0.494339734375 1 0.4842050390625 1 0.4426869046875 0.9873292234375001 0.4374239703125 1 0.42413393125 1 0.065772203125 0.9966309640625 0.062520215625 1 0.0587528921875 1 0.0171556125 0.5087275484375 0 0.0171556125 0
6 0.9828443874999999 1 0.99354834375 0.693478815625 0.9528985203125 0.663632884375 0.5418756015625 0.71181774375 0.483902275 0.743904959375 0.4388900171875 0.8389828828124999 0.4406478921875 0.9982321515624999 0.49127244843750006 1 0.9828443874999999 1
6 0 0.9828443874999999 0.36141196875000003 0.995465171875 0.387496371875 0.8997262734374999 0.36377346875 0.8193039093750001 0.3412583328125 0.8128323828124999 0.3382659328125 0.789986759375 0.2284663515625 0.6781321250000001 0 0.511770240625 0 0.9828443874999999
6 0 0.50274908125 0.22507736562499997 0.6666432171875 0.24878225625 0.639044603125 0.2523515234375 0.5368341765625 0.004209628125 0.3707244765625 0 0.4912724546875 0 0.50274908125
6 0.5442190890624999 0.42763550625 0.477466853125 0.3855074953125 0.3491540140625 0.3696561484375 0.3258457078125 0.38589805 0.2989681359375 0.504350375 0.270684503125 0.5545302234375 0.25078319531250004 0.690282009375 0.389479296875 0.8429427046875 0.43171546093749996 0.827361778125 0.44545168437499993 0.7596180796875001 0.496052159375 0.7215881171875 0.6642036390625 0.68197784375 0.633306178125 0.5899343781249999 0.5442190890624999 0.42763550625
6 0.8478399515625 0.3074767046875 0.716751015625 0.37112235625 0.6926495390625 0.41007768437500003 0.6653753828125 0.539886725 0.679742509375 0.671149909375 0.8198086468750001 0.6760411265624999 0.953889984375 0.6352410984375 0.9695911234375 0.402692853125 0.960415628125 0.339834340625 0.9422809421875 0.3164599390625 0.8478399515625 0.3074767046875
6 0.3907772859375 0.2630893171875 0.33558005625 0.21567953593750003 0.2901532 0.21409319531249998 0.258264278125 0.15044151249999999 0.23236015625 0.13248107656250002 0.1986866 0.11993460781250001 0.0992702828125 0.1448893203125 0.051463915625 0.2114432625 0.047101479687499996 0.336367115625 0.0602608375 0.393679465625 0.25633538749999996 0.5312880140625 0.2915952859375 0.4984076296875 0.3222584296875 0.380087496875 0.34955059843749997 0.3582994359375 0.398763025 0.360017971875 0.3907772859375 0.2630893171875
6 0.0803424265625 0.1442283453125 0.1988848921875 0.11425624999999999 0.2584625703125 0.1447631546875 0.294137065625 0.2085470328125 0.3395639203125 0.2101333734375 0.3726426 0.23971491406249998 0.389371225 0.1948168375 0.387965165625 0.1265443609375 0.336355215625 0.0849451296875 0.192900090625 0.068565003125 0.084308278125 0.0306612046875 0.0313102796875 0.0288104734375 0.015771409375 0.0396384078125 0.013849495312499998 0.09467479375 0.0444876515625 0.194143803125 0.0803424265625 0.1442283453125
6 0.0808554328125 0 0.10343442656249999 0.0256438234375 0.23075580312500002 0.0698869546875 0.35906864375 0.0857383 0.3351097875 0 0.0808554328125 0
6 1 0.091005471875 0.8804860218749999 0.132373003125 0.8384661640625 0.25029655 0.8328959578124999 0.3012695671875 0.9351063843749999 0.3048388328125 0.957224934375 0.32266707499999997 1 0.48642830625 1 0.091005471875
6 0.6978231593750001 0.37046138125 0.7514160359375001 0.355277040625 0.7725251109375 0.2934760890625 0.76255644375 0.2533310046875 0.7354625671874999 0.2694407109375 0.5575227046875 0.155206565625 0.46268512812499996 0.157580046875 0.40491009531250005 0.1839889046875 0.384792484375 0.21739807187500002 0.38001545000000003 0.2456576609375 0.4085153859375 0.297820434375 0.409723153125 0.3717712703125 0.5151242734375 0.392507803125 0.6129722625 0.5210009234374999 0.639867846875 0.510569575 0.6426439421875 0.43107257656250003 0.6978231593750001 0.37046138125