4 1 0.26059100156250004 0.97604029375 0.2853837953125 0.9724931859374999 0.261221825 0.9447196375000001 0.2607370359375 0.9137143875 0.2180207375 0.7638899171875 0.1611804171875 0.6964398734375 0.160003071875 0.6282538859375 0.20098797968749998 0.6036069078125 0.24875787656249998 0.521653021875 0.16900218281249998 0.4662110640625 0.1620094265625 0.42800645625 0.0769923671875 0.364208659375 0.0939538140625 0.3473918453125 0.14788540156250002 0.28454026250000003 0.1106382390625 0.21687995 0.1215072515625 0.05171055625 0.0342740125 0.0075524171875 0.062958853125 0 0.495636571875 0 0.99134863125 0.4956365609375 1 0.99134863125 1 1 0.5043634453125 1 0.26059100156250004
6 0.99134863125 1 0.997395075 0.6535995078125 0.827737890625 0.5960958953125 0.7482797640625 0.6007339640625 0.6377112515625 0.5686789140624999 0.49800243593750004 0.6144403984375 0.3897019671875 0.9981509046875001 0.495636559375 1 0.99134863125 1
6 0 0.99134863125 0.24329569687500002 0.9955953734375 0.2019507828125 0.9767986531249999 0.15591601093750002 0.885619903125 0.0308436546875 0.7749865046875 0 0.7802834437499999 0 0.99134863125
6 0.03575751875 0.72084715 0.13452821875 0.74667125625 0.1797493890625 0.657085384375 0.15292205625 0.602391984375 0.1022888265625 0.5472830515625 0.0387012984375 0.5521981421875 0.03575751875 0.72084715
6 0.79757371875 0.50519416875 0.8321260796875001 0.5720724374999999 0.893533253125 0.46469405 0.8834175999999999 0.36209224375 0.7948951671875 0.2038967140625 0.7558494828125 0.167065084375 0.7004075234375 0.16007232656249998 0.6362943203125 0.1951033109375 0.589916665625 0.3509441515625 0.5980347546875 0.5679863578125001 0.6854281796875 0.5634868015625 0.765832521875 0.5046401234375 0.79757371875 0.50519416875
6 0.33961185625 0.5936006390624999 0.5820590203125 0.5737325140625 0.5853182046875001 0.38701396875 0.550660709375 0.3261588796875 0.511404753125 0.3013736078125 0.3876716703125 0.3413889375 0.334199796875 0.4489058359375 0.2980704109375 0.47237524999999997 0.289188896875 0.5264453484375 0.33961185625 0.5936006390624999
6 0.11032926093749999 0.5413983828125 0.284773228125 0.7794188609375 0.30492688125 0.761695603125 0.32791917812500004 0.5813465156250001 0.2533749171875 0.5318452265625 0.11032926093749999 0.5413983828125
6 0.1369738015625 0.3791880875 0.17383913281250002 0.3135564203125 0.162356725 0.28925593906249997 0.0183923359375 0.12406765156249999 0.0063632234375 0.1310876984375 0.0041764171875 0.2563698203125 0.07756419375 0.372126075 0.1369738015625 0.3791880875
6 0.2733182984375 0.526168325 0.29431303125 0.4602596359375 0.35080633906249997 0.40702060468749995 0.34778490624999997 0.35274273906250003 0.3133376796875 0.2798412921875 0.24641331093750002 0.248548053125 0.20912744062500002 0.3382724359375 0.23406234375 0.5013830546875 0.2733182984375 0.526168325
6 0.5075422390625 0.2952811734375 0.54314595 0.3019276515625 0.5857387453125 0.362921253125 0.59525106875 0.27271208125 0.5399142453125 0.2596961453125 0.450025059375 0.1798019421875 0.406591184375 0.166993771875 0.321272978125 0.279979803125 0.355509934375 0.3649276078125 0.5075422390625 0.2952811734375
6 1 0.44423702499999995 0.9270617453125001 0.3628540546875 0.8947948734375 0.39241590312499997 0.8972906328124999 0.4768096640625 0.8479966781250001 0.572349459375 0.860109896875 0.5605108671875 0.9145005078124999 0.6277354140625 0.9861284687499999 0.61693565625 0.9979152156250001 0.62380061875 1 0.5043634375 1 0.44423702499999995