4 0 0.9890710374999999 0.9963768109375 0.9836065578125 0.9963768109375 0.9453551906250001 0.9710144921874999 0.8907103828125 0.985507246875 0.81420765 0.9963768109375 0.81420765 0.9963768109375 0.15300546406249999 0.9311594203125001 0.10928961718750001 0.7789855078125 0.18579235 0.7173913046875 0.1748633875 0.659420290625 0.2076502734375 0.6449275359375 0.1584699453125 0.586956521875 0.142076503125 0.5507246375 0.21857923437500001 0.5 0.224043715625 0.42391304375 0.2950819671875 0.4021739125 0.2513661203125 0.340579709375 0.2131147546875 0.2789855078125 0.2131147546875 0.1413043484375 0.26229508125 0.112318840625 0.3005464484375 0.086956521875 0.3005464484375 0.08333333281250001 0.322404371875 0.0217391296875 0.25683060156250004 0 0.25683060156250004 0 0.9890710374999999
6 0.514492753125 0.6284153 0.387681159375 0.584699453125 0.28623188437499997 0.6120218578125 0.21376811562500003 0.6065573765625001 0.007246376562499999 0.672131146875 0 0.8469945359375 0.010869565624999999 0.9890710374999999 0.6086956515625 0.9836065578125 0.514492753125 0.6284153
6 0.8224637687499999 0.8797814203125001 0.7789855078125 0.961748634375 0.7282608703125 0.9836065578125 0.9963768109375 0.9890710374999999 0.9963768109375 0.7923497265624999 0.9384057968749999 0.781420765625 0.8224637687499999 0.8797814203125001
6 0.9347826093749999 0.5792349734375 0.87681159375 0.5737704921875 0.8297101453125 0.6229508203125 0.8043478265624999 0.672131146875 0.8442028984375 0.7540983609375 0.9347826093749999 0.7322404375 0.9347826093749999 0.5792349734375
6 0.27173912968749997 0.5245901640625 0.34420289843749996 0.5792349734375 0.42391304375 0.584699453125 0.434782609375 0.38797814218750004 0.3949275359375 0.2459016390625 0.336956521875 0.2131147546875 0.28623188437499997 0.21857923437500001 0.25 0.2513661203125 0.1666666671875 0.3934426234375 0.15579710156249998 0.48633879843749994 0.210144928125 0.584699453125 0.2427536234375 0.5245901640625 0.27173912968749997 0.5245901640625
6 0.7065217390625 0.5519125687499999 0.6992753625 0.502732240625 0.6666666671875 0.4808743171875 0.6195652171875 0.3825136609375 0.5072463765624999 0.34426229531249997 0.4710144921875 0.36612021875 0.438405796875 0.42076502656250003 0.438405796875 0.590163934375 0.659420290625 0.6120218578125 0.7065217390625 0.5519125687499999
6 0.739130434375 0.5573770484375 0.6702898546875 0.601092896875 0.6884057968749999 0.765027321875 0.7065217390625 0.781420765625 0.8695652171875 0.5683060109375 0.739130434375 0.5573770484375
6 0.9710144921874999 0.31147540937499996 0.9963768109375 0.3005464484375 0.9963768109375 0.2131147546875 0.960144928125 0.19125683124999998 0.82608695625 0.3387978140625 0.8152173906250001 0.3606557375 0.8478260875 0.42076502656250003 0.9021739125 0.415300546875 0.9710144921874999 0.31147540937499996
6 0.7572463765624999 0.5300546453125 0.7826086953125 0.3825136609375 0.75 0.3005464484375 0.6884057968749999 0.32786885312499997 0.6557971015625 0.3934426234375 0.6521739125 0.4426229515625 0.70289855 0.491803278125 0.7210144921875 0.5519125687499999 0.7572463765624999 0.5300546453125
6 0.648550725 0.40437158437500004 0.6811594203125 0.32786885312499997 0.6050724640625 0.224043715625 0.565217390625 0.23497267812499997 0.4818840578125 0.3060109296875 0.4311594203125 0.316939890625 0.438405796875 0.398907103125 0.4782608703125 0.34426229531249997 0.510869565625 0.3387978140625 0.648550725 0.40437158437500004
6 0.184782609375 0.5737704921875 0.19565217343750002 0.584699453125 0.1521739125 0.497267759375 0.15579710156249998 0.42076502656250003 0.12681159375 0.3934426234375 0.014492753124999999 0.5136612015625001 0 0.6612021859375 0.0688405796875 0.6229508203125 0.1340579703125 0.63387978125 0.184782609375 0.5737704921875