3 0.0283333328125 0.765 0.038333332812499996 0.7474999999999999 0.0733333328125 0.7275 0.0966666671875 0.7325 0.1183333328125 0.7525000000000001 0.11333333281249999 0.7275 0.09 0.71 0.08499999999999999 0.6975 0.09 0.6525000000000001 0.11499999999999999 0.6125 0.17333333281250002 0.5974999999999999 0.16999999999999998 0.5825 0.18 0.5325 0.2483333328125 0.395 0.3083333328125 0.34249999999999997 0.335 0.34249999999999997 0.37666666718749997 0.365 0.43833333281250003 0.4425 0.465 0.4575 0.505 0.505 0.5216666671875 0.54 0.5216666671875 0.5825 0.51 0.645 0.48166666718749995 0.6799999999999999 0.4966666671875 0.6875 0.505 0.6825 0.5116666671875 0.6975 0.5266666671875 0.6849999999999999 0.54 0.7125 0.5483333328125 0.7 0.5383333328125001 0.7 0.5383333328125001 0.6875 0.5466666671875 0.67 0.55 0.6375 0.5599999999999999 0.6325000000000001 0.575 0.6425 0.5716666671875 0.6325000000000001 0.58 0.6125 0.595 0.5974999999999999 0.6066666671875 0.6174999999999999 0.6383333328125 0.6 0.6433333328125 0.5925 0.635 0.5900000000000001 0.6266666671875 0.5700000000000001 0.6533333328125 0.5225 0.6983333328125 0.5225 0.7316666671875 0.5425 0.75 0.545 0.7666666671875 0.5349999999999999 0.7716666671875 0.5425 0.7666666671875 0.5275000000000001 0.78 0.5125 0.825 0.5075000000000001 0.8333333328125001 0.47750000000000004 0.885 0.445 0.9133333328125 0.445 0.9466666671875 0.49749999999999994 0.9666666671874999 0.515 0.9716666671875 0.49749999999999994 0.99 0.4925 0.9883333328124999 0.4725 0.9983333328124999 0.465 0.9983333328124999 0.2375 0.48666666718749996 0.2425 0.13238095156250002 0.23500000000000001 0.0633333328125 0.225 0.0016666671875 0.1825 0 0.795 0.0066666671875 0.795 0.013333332812500001 0.7725 0.0283333328125 0.765
6 0.3466666671875 0.6525000000000001 0.45499999999999996 0.6599999999999999 0.49000000000000005 0.655 0.5033333328125 0.64 0.52 0.545 0.5066666671875 0.5125 0.465 0.465 0.44166666718750003 0.4525 0.395 0.3875 0.34500000000000003 0.3525 0.3133333328125 0.34500000000000003 0.25166666718749997 0.395 0.24 0.42750000000000005 0.2033333328125 0.4875 0.1766666671875 0.5625 0.1833333328125 0.6375 0.20166666718749998 0.665 0.32999999999999996 0.6599999999999999 0.3466666671875 0.6525000000000001
6 0.6066666671875 0.735 0.6783333328125 0.7625 0.71 0.7150000000000001 0.71 0.6925 0.6849999999999999 0.625 0.6283333328125 0.61 0.6016666671875 0.6425 0.5566666671875 0.74 0.5333333328125 0.77 0.5316666671875 0.79 0.5583333328125 0.7925 0.5683333328125 0.75 0.6066666671875 0.735
6 0.6683333328125001 0.8025 0.6583333328125 0.76 0.6366666671875 0.755 0.6183333328125 0.7375 0.5900000000000001 0.7525000000000001 0.5733333328125 0.745 0.5683333328125 0.7849999999999999 0.5616666671874999 0.795 0.5599999999999999 0.8150000000000001 0.575 0.825 0.635 0.82 0.6683333328125001 0.8025
6 0.8683333328125 0.6325000000000001 0.8816666671875 0.6275000000000001 0.8916666671875 0.6375 0.9366666671875 0.64 0.9466666671875 0.6325000000000001 0.9633333328125 0.5900000000000001 0.9616666671875 0.5599999999999999 0.9400000000000001 0.54 0.9283333328125 0.5025000000000001 0.9066666671875 0.47750000000000004 0.8766666671875001 0.475 0.86 0.485 0.8283333328125 0.525 0.825 0.54 0.8216666671875 0.5650000000000001 0.8266666671875 0.5775 0.8433333328125 0.6075 0.8683333328125 0.6325000000000001
3 0.6849999999999999 0.7675 0.67 0.7825 0.675 0.795 0.665 0.82 0.6900000000000001 0.8275 0.7216666671875 0.8225 0.7566666671875 0.86 0.7616666671875 0.9099999999999999 0.7383333328125 0.93 0.7433333328125 0.9824999999999999 0.7533333328125 0.9949999999999999 0.97 0.9974999999999999 0.985 0.9625 0.9983333328124999 0.9625 0.9983333328124999 0.78 0.9349999999999999 0.7675 0.9133333328125 0.745 0.8933333328125 0.755 0.8466666671875 0.755 0.8 0.7075 0.795 0.6775 0.805 0.6599999999999999 0.8033333328125 0.65 0.7766666671875 0.63 0.7516666671875 0.5974999999999999 0.6950000000000001 0.5974999999999999 0.6783333328125 0.61 0.7016666671875 0.6475 0.7150000000000001 0.71 0.6883333328125001 0.75 0.6849999999999999 0.7675
6 0.9116666671875 0.735 0.9433333328125 0.7625 0.96 0.7625 0.97 0.7474999999999999 0.9983333328124999 0.76 0.99 0.7325 0.9616666671875 0.6975 0.9033333328125 0.6625 0.8483333328124999 0.655 0.8083333328125001 0.675 0.8016666671875001 0.6849999999999999 0.8016666671875001 0.7025 0.8483333328124999 0.7474999999999999 0.9116666671875 0.735
6 0.6 0.9974999999999999 0.74 0.9974999999999999 0.73 0.925 0.7383333328125 0.9099999999999999 0.7566666671875 0.9099999999999999 0.7566666671875 0.8699999999999999 0.7466666671875 0.85 0.72 0.8275 0.6916666671875 0.8400000000000001 0.6466666671875 0.8275 0.6016666671875 0.86 0.5833333328125 0.905 0.5766666671875 0.9375 0.5966666671875 0.9650000000000001 0.595 0.9875 0.6 0.9974999999999999
6 0.7166666671875 0.595 0.7566666671875 0.5775 0.7666666671875 0.5825 0.7733333328125 0.575 0.775 0.5549999999999999 0.7683333328125 0.5475 0.7133333328125 0.5425 0.6900000000000001 0.525 0.6683333328125001 0.525 0.6533333328125 0.5275000000000001 0.6333333328124999 0.5625 0.63 0.5700000000000001 0.6516666671875 0.5900000000000001 0.7 0.5875 0.7166666671875 0.595
6 0.8366666671875 0.605 0.8099999999999999 0.55 0.7916666671875 0.5425 0.7783333328125 0.5575 0.7783333328125 0.5825 0.8099999999999999 0.6375 0.8333333328125001 0.625 0.8366666671875 0.605
3 0 0.8825 0.0283333328125 0.8699999999999999 0.0433333328125 0.875 0.048333332812500004 0.8875 0.08333333281250001 0.9 0.0933333328125 0.8775000000000001 0.12 0.8625 0.14666666718750002 0.8625 0.1766666671875 0.8800000000000001 0.1983333328125 0.9225 0.1866666671875 0.9375 0.1883333328125 0.9650000000000001 0.1416666671875 0.985 0.1416666671875 0.9925 0.1533333328125 0.985 0.1566666671875 0.9949999999999999 0.16999999999999998 0.9949999999999999 0.20833333281250002 0.9800000000000001 0.23500000000000001 0.9949999999999999 0.2966666671875 0.9949999999999999 0.3083333328125 0.9875 0.3283333328125 0.9974999999999999 0.3566666671875 0.99 0.38 0.9525 0.36666666718749996 0.9375 0.37666666718749997 0.905 0.41 0.8925000000000001 0.4516666671875 0.8975 0.46333333281250005 0.93 0.45999999999999996 0.9525 0.45 0.9625 0.48166666718749995 0.9650000000000001 0.485 0.9925 0.5233333328125 0.975 0.5349999999999999 0.9949999999999999 0.5866666671874999 0.9949999999999999 0.5700000000000001 0.9349999999999999 0.5583333328125 0.9175000000000001 0.58 0.905 0.605 0.8474999999999999 0.5983333328125 0.8375 0.5883333328125 0.8425 0.5599999999999999 0.8275 0.5533333328125 0.805 0.525 0.7975 0.52 0.765 0.4233333328125 0.76 0.41166666718749995 0.7675 0.3633333328125 0.7424999999999999 0.355 0.7424999999999999 0.3466666671875 0.7675 0.32 0.75 0.2916666671875 0.755 0.2733333328125 0.7725 0.23500000000000001 0.77 0.2216666671875 0.7775000000000001 0.21000000000000002 0.77 0.20833333281250002 0.7775000000000001 0.2 0.7675 0.17333333281250002 0.77 0.13 0.7975 0.0933333328125 0.7925 0.0566666671875 0.805 0.0533333328125 0.8175000000000001 0.03 0.825 0.0333333328125 0.8400000000000001 0.005 0.8400000000000001 0 0.845 0 0.8825
6 0.40499999999999997 0.9974999999999999 0.43333333281249997 0.97 0.44166666718750003 0.95 0.45499999999999996 0.9475 0.45999999999999996 0.9225 0.445 0.8975 0.40833333281249995 0.8975 0.38333333281250004 0.9025000000000001 0.36833333281249997 0.9324999999999999 0.375 0.9400000000000001 0.3716666671875 0.9724999999999999 0.36 0.9949999999999999 0.40499999999999997 0.9974999999999999