6 0.6058381171875 0.6849316937500001 0.626733865625 0.7028844375000001 0.665578509375 0.7171754 0.6811891390625 0.7381262468750001 0.6809841296875 0.80344388125 0.702448746875 0.8322512953125001 0.73930235 0.8085509140625 0.7463171515625 0.73471303125 0.736338865625 0.648160115625 0.7542083359375 0.5737533625 0.802303546875 0.5222526296875001 0.8123049124999999 0.5054017562500001 0.8143587437500001 0.47536179531249995 0.7905161484375001 0.43579452500000004 0.704697396875 0.35593735937500004 0.7043732484375 0.3151375390625 0.687380159375 0.3024225078125 0.61221106875 0.287314109375 0.5550305859375 0.3039164125 0.5305563296875 0.321525778125 0.509171140625 0.3634633359375 0.39385437031250004 0.41304475937499996 0.3147198296875 0.460729953125 0.29233911875 0.483671840625 0.2752832390625 0.5389881109375 0.27731399218749997 0.6123519374999999 0.2955870375 0.649489975 0.34138369375 0.65797435625 0.4394395734375 0.7290268390625 0.46110919843750003 0.692516615625 0.5444705453124999 0.6908689531250001 0.5674201234375 0.678781734375 0.6058381171875 0.6849316937500001
3 0 0.5130929671875 0.0078164125 0.66223900625 0.009605207812499999 0.661756528125 0.010561015625 0.6453797125 0.021415684375 0.64481084375 0.0553224375 0.5994959375 0.08565068125 0.589743140625 0.108355540625 0.6076010734375 0.11292957031249999 0.5910346343749999 0.10831582656250001 0.5722285874999999 0.0913227359375 0.5595135546875001 0.10766753124999999 0.49062894687499997 0.12281179687499999 0.46806630625 0.13742690468750002 0.47002148125 0.1850557515625 0.3750072625 0.203146865625 0.37405914687499997 0.19881755625 0.36068043437499997 0.20562735000000001 0.3521601859375 0.187638740625 0.320449484375 0.1875990265625 0.2850769984375 0.12789834687499999 0.288205778125 0.125662584375 0.2801595890625 0.0935252296875 0.290007196875 0.0805373015625 0.24987105937499998 0.088263190625 0.1896015109375 0.07917792031250001 0.15470308125 0.10379439531250001 0.139807384375 0.16530418593750001 0.13658379375000002 0.16040600625 0.1123504109375 0.1886407046875 0.097265090625 0.1651850453125 0.030466337500000003 0.1692347796875 0.016648496875 0 0.0255177171875 0 0.5130929671875
6 0.2627219625 0.5069929734375 0.260019834375 0.455433296875 0.2247537 0.405580228125 0.189385059375 0.3883859765625 0.148952946875 0.44764846406250003 0.1414717796875 0.477972859375 0.111427971875 0.49315299218749997 0.09923055625 0.5373301609375 0.0999416421875 0.5508984953125 0.121975128125 0.5905605765625 0.144822203125 0.6111321765625 0.16905173906249998 0.6234679625 0.20328264062499998 0.618952878125 0.2170444453125 0.6046260484375 0.24743547968750002 0.5268419484375 0.2627219625 0.5069929734375
6 0.5223243625 0.302909353125 0.5197644515625 0.25406334375 0.49602435937499995 0.1818372546875 0.47707994062500003 0.16650336875 0.4463250453125 0.1681151640625 0.35119293749999997 0.22208099374999998 0.2957190625 0.27124730625 0.2773832265625 0.302140571875 0.284232734375 0.328992809375 0.3097422265625 0.3657516 0.3247211953125 0.44387908125 0.3301485296875 0.443594646875 0.40594928125 0.401526409375 0.44418534374999996 0.36959021718749996 0.497605384375 0.35046386875 0.5223243625 0.302909353125
6 0.7285861484375 0.1886970515625 0.6987870609375 0.173932034375 0.6440076390625 0.09789040624999999 0.60644295 0.1080224484375 0.5875382453125 0.128061046875 0.5767630031250001 0.19937488750000001 0.5685707484375 0.21613094687499998 0.5677571578125 0.23522142812500002 0.577371584375 0.245602040625 0.586741290625 0.285927803125 0.6925230578125 0.2967107375 0.724518196875 0.28414946093750004 0.7322837984375 0.25925239843750003 0.7252920734375 0.22968649531250002 0.7285861484375 0.1886970515625
6 0.8264010578125 0.9128310859375001 0.7925570937499999 0.8901146875 0.5949770062499999 0.9276806265624999 0.5658890046875 0.9264839437499999 0.550562809375 0.9109604328125 0.5252352484375 0.91228779375 0.5178962984375 0.9453258578125 0.5192933546875 0.9996750515624999 0.85301411875 0.9821854875 0.8503858703124999 0.9551120234375 0.8264010578125 0.9128310859375001
6 0.0886501296875 0.1623700265625 0.0936905265625 0.189317075 0.08706266093750001 0.23592347500000002 0.092529709375 0.2710115265625 0.1337126203125 0.2606898609375 0.17737601875 0.22846923281249998 0.1788212703125 0.1522021171875 0.0969846015625 0.1483276328125 0.0886501296875 0.1623700265625
6 0.18215505781250002 0.146585159375 0.1771940875 0.19038308125 0.1826611359375 0.2254711296875 0.22189271875 0.21253060937499998 0.252323465625 0.17011899375 0.2648450296875 0.1667416453125 0.2323438140625 0.10041694999999999 0.214537134375 0.10679240000000001 0.18215505781250002 0.146585159375
6 0.2039669 0.11278860312500001 0.23220159687500003 0.09770328125 0.2556175421875 0.1291295515625 0.29871206875 0.0860542546875 0.29643659218749996 0.042635578125000004 0.2797004453125 0.0108592375 0.1735195171875 0.01642394375 0.17089681406249999 0.0356092375 0.2039669 0.11278860312500001
6 0.48690704374999993 0 0.403446278125 0.00437399375 0.4131127453125 0.0882221296875 0.427340915625 0.1174087890625 0.46856353906250003 0.142459609375 0.5076529046875 0.12680541875 0.5065151671875 0.10509608125 0.5199925390625 0.08534191875 0.513387753125 0.028544531249999998 0.505298003125 0.0126417734375 0.49125789218750004 0 0.48690704374999993 0
6 0.3764244359375 0.0112323890625 0.3622359796875 0.017418215625 0.3476605828125 0.050835525000000006 0.348838034375 0.1079173484375 0.3576388703125 0.1373884421875 0.36877797343749996 0.1422469078125 0.4004886765625 0.12425829687500001 0.41144584999999995 0.091030609375 0.39813377499999997 0.0100946515625 0.3931330921875 0.0185200859375 0.3764244359375 0.0112323890625
6 0.670143934375 0 0.6652108984375 0.0178666953125 0.6710648859375 0.0257232640625 0.7165771078125001 0.028780309375 0.7591821921874999 0.045595315625 0.9238113374999999 0.036967467187500005 0.9424316078125001 0.0115015359375 0.9440672328125 0 0.670143934375 0
3 0.513092971875 1 0.51394276875 0.9999554640625 0.5163319078125 0.9154755187499999 0.5337119359375 0.9009590671875 0.5363346390625 0.8817737734375 0.5450957609375 0.87587238125 0.5566615171875 0.8888718484375 0.5935151203125 0.8651714687500001 0.61189066875 0.8696506875000001 0.6179893765625 0.8475621046875 0.628701828125 0.84427956875 0.6190476890625 0.798526471875 0.6240483703125 0.790101034375 0.634903040625 0.7895321656250001 0.6413258953125001 0.8082434015625 0.6482779062499999 0.802436821875 0.6562254390625 0.8156259125 0.6520383468750001 0.8049608656249999 0.6584214890625 0.788299615625 0.6713697046875 0.7930632703125 0.668525359375 0.7387899265625 0.611874034375 0.7308744140625001 0.5869334109375 0.704970290625 0.5689845140625 0.7086320749999999 0.564939640625 0.700680696875 0.543656953125 0.7099594359375 0.5323756328125 0.702387303125 0.4874322796875 0.710184925 0.47976918281250003 0.70242316875 0.4604378265625 0.714320765625 0.4580995578125 0.73893339375 0.40840024374999995 0.7252113 0.4056353265625 0.7416829265625 0.398541096875 0.744775840625 0.3890688875 0.7371088968749999 0.381792728125 0.7021156562499999 0.3568521078125 0.6762115343749999 0.2829232578125 0.65015365625 0.271602225 0.6072090375 0.2713805796875 0.5337504 0.266379896875 0.5421758359375 0.25662325468749997 0.5290815578125 0.254427203125 0.556407853125 0.2618058671875 0.5587422734375 0.26265917031249997 0.575024278125 0.24166092031250003 0.5897303515625001 0.2425142234375 0.6060123546875 0.2138925875 0.6483291578125 0.18079942499999999 0.6745535828125 0.12361894375 0.6911558859375 0.1115240328125 0.7026742359375 0.10928826875 0.694628046875 0.10442980312500001 0.70576715 0.0971933578125 0.706146396875 0.0977225140625 0.6816285796875 0.0921529625 0.679199346875 0.089672478125 0.7010983078125 0.07910224375 0.7070945125 0.0768664796875 0.6990483203125 0.056966254687499995 0.700091246875 0.0561129515625 0.6838092453125 0.035786071875 0.67671116875 0.0271671671875 0.6853262296875 0.020886528125 0.669328659375 0.008494253125 0.675172978125 0.02474026875 0.985165403125 0.0323830484375 0.9925394937500001 0.042953284375 0.9865432890625 0.05256770937500001 0.9969239015625 0.08151349375 0.9954069171875 0.08493583437499999 1 0.513092971875 1
3 1 0.48690704531250006 0.979585003125 0.09736570156249999 0.9168990375 0.0781465328125 0.8169712546874999 0.075220165625 0.7600354953124999 0.06187731875 0.7532257015625 0.070397565625 0.7434690578125001 0.0573032875 0.6940541796875 0.0490085296875 0.685008621875 0.0494825875 0.7017569906250001 0.092142771875 0.69342251875 0.1061851640625 0.710415609375 0.118900196875 0.714500196875 0.1622240609375 0.7361070296875 0.19374514062499998 0.7363286734375001 0.26720377812499996 0.747183340625 0.266634909375 0.7591757484375 0.2877753765625 0.7555972390625 0.3233374859375 0.72778919375 0.3465638078125 0.757872715625 0.36675616093749996 0.7634819796875 0.40455787968749995 0.8016552515625 0.440652990625 0.8197860796875001 0.47507736093749997 0.804010153125 0.5548166359375 0.7582532125 0.581704740625 0.7566260296875 0.6198857046875 0.76404440625 0.6575926109375 0.7479443328125 0.696532065625 0.7600558796875 0.8237899921875 0.7998960453125 0.8570766234375 0.803269546875 0.8868321515625001 0.8390648374999999 0.9121674046875 0.8541463109375 0.9576360671874999 0.8704558078125 0.98127140625 1 0.9744822828125 1 0.48690704531250006