6 0.562423290625 0.6932390500000001 0.578709225 0.71621309375 0.613703465625 0.739993896875 0.624005890625 0.764634634375 0.6076496359375 0.8293697468750001 0.6218154703125001 0.8632507593750001 0.6642300609375 0.848857171875 0.689447703125 0.777355234375 0.70095501875 0.6890394343749999 0.73707963125 0.6196575953125001 0.79751926875 0.5804700359375 0.8116063859375 0.566229684375 0.8210723171875 0.5369422187499999 0.8072087546875 0.4918008859375 0.7418372640625 0.3913711296875 0.7516054671875 0.350823346875 0.7378951390624999 0.3340094859375 0.6670743609375 0.300434940625 0.6062537375 0.3027614515625 0.5776239921874999 0.31417500625 0.546041853125 0.3504825875 0.41940262500000003 0.3711427140625 0.329119959375 0.3988698375 0.30124799375 0.41609022656250005 0.27065138593750004 0.4667382203125 0.2545228828125 0.5400069078125 0.2634629859375 0.5813614484375 0.3067885890625 0.6011021671875 0.3864749515625 0.6958251484375 0.4169970421875 0.66497105 0.5000871109375 0.6839518921875001 0.5258389765625 0.677638471875 0.562423290625 0.6932390500000001
3 0.0878318078125 0 0 0.45185547968749995 0 0.502950453125 0.0375180765625 0.47235752968750006 0.0700112296875 0.47018425312499995 0.08811499218749999 0.49351164843750006 0.0967486265625 0.47821124531250003 0.096823146875 0.45841735000000006 0.0831128171875 0.4416034890625 0.1163595515625 0.3773217859375 0.1369602046875 0.3586879984375 0.15097280468750002 0.3642415390625 0.22171067031249997 0.28177945625 0.23988895000000002 0.2853129546875 0.23890341875 0.27097254375 0.24776480625000002 0.26420571875 0.237764653125 0.2283046609375 0.24647280624999998 0.1932103625 0.186484478125 0.1815498125 0.18625672499999998 0.1730162375 0.1519457453125 0.1748361640625 0.1489891515625 0.1318149328125 0.17155666875 0.073946703125 0.17117568125 0.037085654687500004 0.1992753984375 0.028398843750000003 0.26108155625 0.04041274375 0.2622161234375 0.0151653640625 0.2939514984375 0.007185253125000001 0.29327885 0 0.0878318078125 0
6 0.2661047171875 0.43189721406250003 0.27617519218750003 0.3800891125 0.25352475937499996 0.3219207109375 0.22269619999999998 0.2961198671875 0.1679378 0.3449010515625 0.1530183859375 0.37312846718750003 0.11946518125000001 0.380755228125 0.0964421578125 0.4215563015625 0.09379203281250001 0.4351900125 0.1058377671875 0.4799779953125 0.12341150468749999 0.5060321328125 0.144393146875 0.52425939375 0.1794619046875 0.5282463015625 0.1966546546875 0.517439390625 0.2460340890625 0.44780425937499996 0.2661047171875 0.43189721406250003
6 0.5740628546875 0.293674409375 0.5836033046875 0.24459304999999998 0.5779178703125 0.1670841609375 0.5629197375 0.147190209375 0.5320166609375 0.141183259375 0.4243134921875 0.17118371875 0.35713256718749997 0.20623113593750003 0.331306184375 0.23233845 0.33145941875 0.260665921875 0.347670834375 0.30343386250000004 0.343207078125 0.3846294859375 0.3486605625 0.3856895359375 0.434247521875 0.3627091953125 0.48007001562499996 0.3404887296875 0.5377850093750001 0.334728778125 0.5740628546875 0.293674409375
6 0.80688969375 0.23140015625000002 0.78098459375 0.209386103125 0.74545613125 0.12041678125 0.7056916656250001 0.1211766578125 0.6819853828125 0.13637700156250002 0.65366210625 0.2044455 0.6413928171875 0.2190392015625 0.6358648140625001 0.23777304843749997 0.6428338546875 0.25044676718750003 0.6421547921874999 0.2927612984375 0.7444086734375001 0.3296160515625 0.7792496796874999 0.32506938281250003 0.7931090453125 0.302295453125 0.793485834375 0.2712412375 0.80688969375 0.23140015625000002
6 0.73212158125 1 0.724831325 0.973827609375 0.6968806453124999 0.9429266296875 0.4916193015625 0.931325553125 0.46306407656250004 0.922945209375 0.4517016015625 0.9037579578124999 0.4262520078125 0.8988110578124999 0.41080256718749997 0.9297652140625001 0.397542328125 0.98944259375 0.451855475 1 0.73212158125 1
6 0.178674746875 0.0470326328125 0.17701015312499999 0.075006753125 0.1589105875 0.11959462031250001 0.1556559203125 0.15574896875 0.19905604062499999 0.155695790625 0.25033201875 0.134535378125 0.270626203125 0.059246646874999996 0.1904140125 0.0351656703125 0.178674746875 0.0470326328125
6 0.2753219078125 0.054499862499999996 0.259570196875 0.0967143375 0.25631552812499997 0.1328686859375 0.298427846875 0.12973541718749998 0.33909912656249996 0.0951945828125 0.35235395 0.0949412921875 0.336519325 0.0211191375 0.3172809921875 0.023039121875 0.2753219078125 0.054499862499999996
6 0.3010452375 0 0.305313975 0.02637250625 0.33704934999999997 0.0183923953125 0.3525029859375 0.0553535015625 0.4058990640625 0.02328611875 0.41042542656250003 0 0.3010452375 0
6 0.5258326984374999 0 0.5188321609375001 0.05372739375 0.5257266828125 0.0861950078125 0.5604186515625 0.1212361296875 0.6030609953125 0.11537611875 0.6073011953125 0.09356218125 0.62555399375 0.0773017859375 0.6330488625 0.0193335 0.6323670015625 0.016371190625 0.5481445218750001 0 0.5258326984374999 0
6 0.46351159218750004 0 0.46315855156249996 0.00045901249999999997 0.4502101984375 0.0573672484375 0.45165123593749995 0.0887748125 0.46149815624999996 0.0963483953125 0.49739921093749995 0.08634824218750001 0.5164843078125 0.056100785937499995 0.5210570140625 0 0.46351159218750004 0
6 1 0.0878318078125 0.78627645 0.0462881578125 0.790139859375 0.05552843281249999 0.8345255125 0.06981566875 0.8726253843749999 0.09702991250000001 1 0.12178902968750001 1 0.0878318078125
3 0 0.9121681921875 0.0746596984375 0.9266805687499999 0.16699004374999998 0.941798 0.1761551015625 0.9464092765625001 0.1982720109375 0.9507083671875 0.202058803125 0.9457849078124999 0.2055433234375 0.9521217671875 0.39187070625 0.9883401421875 0.41663284218749996 0.89977105 0.43746124843749995 0.8896708375 0.4448070796875 0.8712903437499999 0.454956271875 0.8676036093749999 0.4632131140625 0.8833574203125 0.5056277046875 0.8689638328125 0.5227459343749999 0.8779508171874999 0.5342574484375 0.857550278125 0.5456944406249999 0.8569436375 0.5474335546875 0.8091756203125 0.5544771125 0.8020554437499999 0.5653840812500001 0.8041755437500001 0.5671273921875 0.8243227890625 0.5754587546875001 0.8202827046875001 0.580079940625 0.835329815625 0.5785643859375 0.8237161468749999 0.5890158484375 0.80876909375 0.60068059375 0.8166960281250001 0.61128109375 0.762161184375 0.557048521875 0.740300365625 0.5387170078125 0.70843939375 0.5200087015625 0.7076326359375 0.5179631203125 0.6987457109374999 0.49455910625 0.7026857359375 0.48524221250000005 0.6923854109375001 0.4387364609375 0.68900514375 0.4330552234375 0.67941151875 0.4109390140625 0.6864316374999999 0.40253313124999995 0.710265615625 0.3566319234375 0.6843647125000001 0.3498161171875 0.7000184671875 0.3420147796875 0.701331809375 0.3345157140625 0.6913848312499999 0.3359525546875 0.6548771343750001 0.31762103750000004 0.6230161625 0.2507381890625 0.5788879984374999 0.25012944843749996 0.533493375 0.268075778125 0.4605780359375 0.2610322203125 0.46769821250000004 0.2545932046875 0.45229775156249996 0.2456572984375 0.4788584734375 0.25239858437499996 0.482998615625 0.249218434375 0.4993590671875 0.22475437343750002 0.508752578125 0.2215742234375 0.5251130328125 0.1827207703125 0.5600072140625 0.1434118109375 0.57783424375 0.0825911875 0.58016075625 0.06774628906249999 0.5885942734375 0.0675185359375 0.5800606984375001 0.059944953125 0.5899076171875001 0.052673640625 0.5884942171875001 0.05926169375 0.5643068875 0.0543382328125 0.56052009375 0.046462378124999995 0.5816273328125 0.034495359375 0.5849607171875 0.03426760625 0.576427140625 0.014271496875000001 0.572540290625 0.017451646874999997 0.5561798375 0 0.5447384609375 0 0.9121681921875
3 1 0.16242293125 0.92261775625 0.14070466875 0.8694452343749999 0.113390365625 0.8605838468749999 0.12015719218750001 0.85414483125 0.10475673125 0.807183571875 0.0843093125 0.79809443125 0.0825425625 0.80415665625 0.1289972390625 0.792417390625 0.1408642 0.8061277203125 0.1576780609375 0.7994651484374999 0.20165928437499997 0.8131009578124999 0.23826704062499998 0.795154625 0.311182378125 0.80606159375 0.313302478125 0.8127283640625 0.3372365171875 0.8003845546875 0.37162411562500003 0.7670591046874999 0.387784453125 0.7919041546875001 0.41525198906250005 0.7881194609375 0.4541330796875 0.8170556734375 0.49937447031250004 0.8265258015624999 0.53800226875 0.79115896875 0.6131909421875 0.7391252125000001 0.628544521875 0.72806920625 0.6660122125 0.726102340625 0.7052466515625 0.7005037093750001 0.73988754375 0.68104601875 0.8691044765625 0.7123300859375 0.9119724734375 0.7083176390625 0.9423199875 0.737556121875 0.976301059375 0.7393589109375001 1 0.9121681921875 1 1 0.5481445265625 1 0.16242293125