6 0.44333333281250004 0.7325 0.465 0.7 0.5416666671875 0.7025 0.5633333328125001 0.6925 0.5983333328125 0.7 0.6166666671875001 0.7175 0.6516666671875 0.7325 0.665 0.7525000000000001 0.6616666671875 0.8125 0.6799999999999999 0.8400000000000001 0.7150000000000001 0.82 0.725 0.7525000000000001 0.72 0.6725 0.74 0.605 0.7866666671875 0.5599999999999999 0.7966666671875 0.545 0.8 0.5175 0.78 0.48 0.705 0.4025 0.7066666671874999 0.365 0.6916666671875 0.3525 0.6233333328125 0.335 0.5700000000000001 0.34750000000000003 0.5466666671875 0.3625 0.525 0.4 0.4166666671875 0.44000000000000006 0.3416666671875 0.48 0.32 0.5 0.3016666671875 0.55 0.3 0.6174999999999999 0.315 0.6525000000000001 0.3566666671875 0.6625 0.44333333281250004 0.7325
3 0 0 0 0.6925 0.0166666671875 0.6575 0.0516666671875 0.65 0.0533333328125 0.635 0.0633333328125 0.635 0.0966666671875 0.595 0.125 0.5875 0.145 0.605 0.15 0.5900000000000001 0.14666666718750002 0.5725 0.1316666671875 0.5599999999999999 0.15 0.49749999999999994 0.16499999999999998 0.47750000000000004 0.1783333328125 0.48 0.2266666671875 0.395 0.24333333281249997 0.395 0.24 0.3825 0.24666666718750002 0.375 0.2316666671875 0.34500000000000003 0.23333333281250002 0.3125 0.1783333328125 0.3125 0.1766666671875 0.305 0.14666666718750002 0.3125 0.1366666671875 0.275 0.14666666718750002 0.22000000000000003 0.13999999999999999 0.1875 0.1633333328125 0.175 0.22000000000000003 0.175 0.2166666671875 0.1525 0.24333333281249997 0.13999999999999999 0.225 0.0775 0.2416666671875 0.03 0.2533333328125 0.017499999999999998 0.30333333281249997 0.027500000000000004 0.3166666671875 0.017499999999999998 0.31 0 0 0
6 0.2 0.6224999999999999 0.2316666671875 0.62 0.24500000000000002 0.6075 0.2766666671875 0.5375 0.2916666671875 0.52 0.2916666671875 0.4725 0.2616666671875 0.425 0.22999999999999998 0.40750000000000003 0.19 0.45999999999999996 0.1816666671875 0.4875 0.1533333328125 0.5 0.13999999999999999 0.54 0.13999999999999999 0.5525 0.1583333328125 0.5900000000000001 0.1783333328125 0.61 0.2 0.6224999999999999
6 0.3566666671875 0.465 0.42833333281249997 0.43 0.465 0.4025 0.515 0.3875 0.54 0.34500000000000003 0.54 0.3 0.5216666671875 0.2325 0.505 0.21749999999999997 0.4766666671875 0.21749999999999997 0.3866666671875 0.2625 0.3333333328125 0.305 0.315 0.3325 0.32 0.35750000000000004 0.3416666671875 0.39249999999999996 0.3516666671875 0.465 0.3566666671875 0.465
6 0.6966666671875 0.34750000000000003 0.7266666671875 0.3375 0.735 0.315 0.73 0.2875 0.735 0.25 0.7083333328125 0.23500000000000001 0.6616666671875 0.1625 0.6266666671875 0.16999999999999998 0.6083333328125 0.1875 0.595 0.2525 0.5866666671874999 0.26749999999999996 0.585 0.28500000000000003 0.5933333328125 0.29500000000000004 0.6 0.3325 0.6966666671875 0.34750000000000003
6 0.79 0.9199999999999999 0.76 0.8975 0.5766666671875 0.9225 0.55 0.9199999999999999 0.5366666671875 0.905 0.5133333328125 0.905 0.505 0.9349999999999999 0.5033333328125 0.9974999999999999 0.8116666671875 0.9974999999999999 0.8099999999999999 0.96 0.79 0.9199999999999999
6 0.185 0.2875 0.2266666671875 0.26 0.2316666671875 0.19 0.1566666671875 0.1825 0.1483333328125 0.195 0.1516666671875 0.22000000000000003 0.1433333328125 0.2625 0.14666666718750002 0.29500000000000004 0.185 0.2875
6 0.2983333328125 0.21000000000000002 0.31 0.20750000000000002 0.2833333328125 0.145 0.2666666671875 0.15 0.23500000000000001 0.185 0.22833333281249998 0.225 0.2316666671875 0.2575 0.2683333328125 0.2475 0.2983333328125 0.21000000000000002
6 0.30333333281249997 0.17250000000000001 0.34500000000000003 0.135 0.34500000000000003 0.095 0.32999999999999996 0.0625 0.255 0.025 0.2366666671875 0.0475 0.22999999999999998 0.08249999999999999 0.25666666718750003 0.155 0.2833333328125 0.14250000000000002 0.30333333281249997 0.17250000000000001
6 0.5349999999999999 0.1825 0.5349999999999999 0.1625 0.5483333328125 0.145 0.545 0.0925 0.5383333328125001 0.0775 0.5183333328125 0.057499999999999996 0.485 0.0625 0.4566666671875 0.05500000000000001 0.445 0.0625 0.45 0.14250000000000002 0.46166666718749994 0.16999999999999998 0.49833333281250003 0.195 0.5349999999999999 0.1825
6 0.43666666718749997 0.175 0.4483333328125 0.145 0.44000000000000006 0.06999999999999999 0.43499999999999994 0.0775 0.42000000000000004 0.06999999999999999 0.4066666671875 0.075 0.3916666671875 0.10500000000000001 0.39 0.1575 0.3966666671875 0.185 0.4066666671875 0.19 0.43666666718749997 0.175
6 0.7316666671875 0.1025 0.77 0.12 0.9216666671875 0.12 0.9400000000000001 0.0975 0.9483333328124999 0.05500000000000001 0.9466666671875 0.02 0.9316666671875 0.005 0.7408333328125 0.0125 0.7383333328125 0.02 0.7133333328125 0.0125 0.6966666671875 0.02 0.6916666671875 0.034999999999999996 0.6916666671875 0.06999999999999999 0.6849999999999999 0.09 0.6900000000000001 0.0975 0.7316666671875 0.1025
3 0 0.9574999999999999 0.045 0.9425000000000001 0.0566666671875 0.9550000000000001 0.0666666671875 0.95 0.075 0.96 0.10166666718749999 0.96 0.1233333328125 0.9925 0.2916666671875 0.9875 0.3183333328125 0.9949999999999999 0.3233333328125 0.985 0.33166666718750004 0.9949999999999999 0.49000000000000005 0.9949999999999999 0.49833333281250003 0.99 0.505 0.9075 0.5216666671875 0.8949999999999999 0.525 0.8775000000000001 0.5333333328125 0.8724999999999999 0.5433333328125001 0.885 0.5783333328125 0.865 0.595 0.8699999999999999 0.6016666671875 0.85 0.6116666671875 0.8474999999999999 0.605 0.805 0.61 0.7975 0.62 0.7975 0.625 0.8150000000000001 0.6316666671875 0.8099999999999999 0.6383333328125 0.8225 0.635 0.8125 0.6416666671875 0.7975 0.6533333328125 0.8025 0.6533333328125 0.7525000000000001 0.6016666671875 0.7424999999999999 0.58 0.7175 0.5633333328125001 0.72 0.5599999999999999 0.7125 0.54 0.72 0.53 0.7125 0.4883333328125 0.7175 0.48166666718749995 0.71 0.46333333281250005 0.72 0.45999999999999996 0.7424999999999999 0.41500000000000004 0.7275 0.41166666718749995 0.7424999999999999 0.40499999999999997 0.745 0.3966666671875 0.7375 0.3916666671875 0.705 0.37 0.6799999999999999 0.30333333281249997 0.6525000000000001 0.29500000000000004 0.6125 0.2983333328125 0.545 0.29333333281249996 0.5525 0.28500000000000003 0.54 0.2816666671875 0.5650000000000001 0.2883333328125 0.5675 0.2883333328125 0.5825 0.2683333328125 0.595 0.2683333328125 0.61 0.24 0.6475 0.20833333281250002 0.67 0.155 0.6825 0.1433333328125 0.6925 0.1416666671875 0.6849999999999999 0.1366666671875 0.6950000000000001 0.13 0.6950000000000001 0.1316666671875 0.6725 0.1266666671875 0.67 0.1233333328125 0.6900000000000001 0.11333333281249999 0.6950000000000001 0.1116666671875 0.6875 0.0933333328125 0.6875 0.0933333328125 0.6725 0.075 0.665 0.0666666671875 0.6725 0.0616666671875 0.6575 0.0433333328125 0.665 0.04 0.6575 0.0166666671875 0.6575 0.015 0.665 0 0.6575 0 0.9574999999999999
3 0.7216666671875 0.185 0.7233333328125 0.225 0.7416666671875001 0.255 0.7383333328125 0.3225 0.7483333328125 0.3225 0.7583333328124999 0.34249999999999997 0.7533333328125 0.375 0.7266666671875 0.395 0.7533333328125 0.41500000000000004 0.7566666671875 0.45 0.79 0.485 0.805 0.5175 0.7866666671875 0.5900000000000001 0.7433333328125 0.6125 0.74 0.6475 0.745 0.6825 0.7283333328125 0.7175 0.7333333328125 0.835 0.7683333328125 0.8675 0.77 0.8949999999999999 0.8016666671875001 0.9199999999999999 0.8133333328125 0.9625 0.8333333328125001 0.9949999999999999 0.9983333328124999 0.9949999999999999 0.9983333328124999 0.2 0.985 0.205 0.9716666671875 0.1925 0.975 0.18 0.9133333328125 0.1575 0.8216666671875 0.15 0.77 0.135 0.7633333328125 0.14250000000000002 0.755 0.13 0.71 0.12 0.7016666671875 0.12 0.7150000000000001 0.16 0.7066666671874999 0.17250000000000001 0.7216666671875 0.185