6 0.27999999999999997 0.47000000000000003 0.30333333281249997 0.45 0.315 0.45999999999999996 0.4233333328125 0.475 0.43 0.45999999999999996 0.43333333281249997 0.425 0.4233333328125 0.3725 0.425 0.27749999999999997 0.40833333281249995 0.25 0.3566666671875 0.1975 0.2983333328125 0.2 0.25 0.23500000000000001 0.195 0.31 0.19 0.34750000000000003 0.19 0.41500000000000004 0.1966666671875 0.43499999999999994 0.23333333281250002 0.4625 0.27999999999999997 0.47000000000000003
6 0.32166666718750003 0.645 0.3466666671875 0.6425 0.3716666671875 0.6224999999999999 0.425 0.6275000000000001 0.45499999999999996 0.605 0.47000000000000003 0.5675 0.45499999999999996 0.5025000000000001 0.41166666718749995 0.47750000000000004 0.3383333328125 0.465 0.2683333328125 0.47750000000000004 0.2483333328125 0.515 0.23333333281250002 0.5175 0.20833333281250002 0.5525 0.2116666671875 0.575 0.2416666671875 0.5925 0.2716666671875 0.625 0.32166666718750003 0.645
6 0.7416666671875001 0.4025 0.7416666671875001 0.355 0.7316666671875 0.325 0.71 0.3 0.6333333328124999 0.265 0.6133333328125 0.26749999999999996 0.595 0.28500000000000003 0.5900000000000001 0.3 0.5866666671874999 0.3325 0.6016666671875 0.3525 0.6166666671875001 0.4025 0.7416666671875001 0.4025
6 0.9216666671875 0.325 0.8916666671875 0.28250000000000003 0.8483333328124999 0.275 0.8316666671874999 0.3 0.8266666671875 0.33999999999999997 0.8400000000000001 0.39249999999999996 0.9283333328125 0.395 0.9216666671875 0.325
6 0.5683333328125 0.3875 0.575 0.3725 0.5583333328125 0.3275 0.52 0.32999999999999996 0.48166666718749995 0.28500000000000003 0.4533333328125 0.29 0.445 0.31 0.42833333281249997 0.3225 0.425 0.3725 0.43333333281249997 0.40750000000000003 0.5433333328125001 0.4025 0.5683333328125 0.3875
6 0.10166666718749999 0.4225 0.12166666718750001 0.42000000000000004 0.1383333328125 0.39249999999999996 0.1383333328125 0.375 0.08499999999999999 0.32 0.05500000000000001 0.3175 0.0416666671875 0.3325 0.0416666671875 0.395 0.0666666671875 0.45 0.08333333281250001 0.45 0.10166666718749999 0.4225
3 0.04 0.8525 0.045 0.8425 0.0516666671875 0.8550000000000001 0.0866666671875 0.8525 0.0883333328125 0.845 0.16499999999999998 0.8525 0.185 0.8425 0.1916666671875 0.865 0.215 0.875 0.2816666671875 0.8875 0.3133333328125 0.8800000000000001 0.385 0.885 0.41500000000000004 0.8800000000000001 0.425 0.8675 0.445 0.875 0.5333333328125 0.865 0.5666666671875 0.8275 0.585 0.86 0.6883333328125001 0.8775000000000001 0.725 0.875 0.7316666671875 0.865 0.7533333328125 0.8875 0.8366666671875 0.8925000000000001 0.9033333328125 0.86 0.9099999999999999 0.8724999999999999 0.95 0.8699999999999999 0.9550000000000001 0.86 0.9666666671874999 0.86 0.9616666671875 0.8375 0.97 0.825 0.9816666671875 0.8324999999999999 0.985 0.825 0.9983333328124999 0.8275 0.9983333328124999 0.7 0.9591666671875 0.7 0.9566666671874999 0.6775 0.9616666671875 0.6725 0.9550000000000001 0.67 0.9483333328124999 0.6799999999999999 0.9425000000000001 0.6725 0.885 0.67 0.8833333328125 0.6575 0.875 0.655 0.8716666671875 0.64 0.8583333328125 0.6375 0.8566666671875 0.6275000000000001 0.8483333328124999 0.6375 0.8150000000000001 0.635 0.8083333328125001 0.6425 0.7516666671875 0.63 0.735 0.6525000000000001 0.7216666671875 0.6525000000000001 0.7133333328125 0.6325000000000001 0.7 0.655 0.6916666671875 0.65 0.6599999999999999 0.665 0.6433333328125 0.6575 0.625 0.665 0.6216666671875 0.6575 0.6133333328125 0.6725 0.5583333328125 0.67 0.52 0.6525000000000001 0.5216666671875 0.6625 0.5116666671875 0.67 0.4766666671875 0.675 0.4683333328125 0.67 0.46666666718750005 0.6125 0.44166666718750003 0.6325000000000001 0.36833333281249997 0.635 0.35 0.65 0.2666666671875 0.6475 0.25666666718750003 0.655 0.25 0.6425 0.255 0.6375 0.2366666671875 0.635 0.2233333328125 0.605 0.20166666718749998 0.5900000000000001 0.1183333328125 0.6075 0.1116666671875 0.625 0.10166666718749999 0.6174999999999999 0.0966666671875 0.64 0.0866666671875 0.6475 0.05500000000000001 0.6475 0.034999999999999996 0.6375 0.03 0.6675 0.0033333328125 0.6599999999999999 0 0.8550000000000001 0.0216666671875 0.8550000000000001 0.0283333328125 0.8425 0.04 0.8525
6 0 0.605 0.1066666671875 0.6075 0.1233333328125 0.5974999999999999 0.12166666718750001 0.585 0.10833333281249999 0.5725 0.1066666671875 0.55 0.08499999999999999 0.515 0.0616666671875 0.5 0.0216666671875 0.5 0 0.5125 0 0.605
3 0.4883333328125 0.45 0.4966666671875 0.4375 0.5033333328125 0.44749999999999995 0.5216666671875 0.44749999999999995 0.5716666671875 0.43 0.61 0.47000000000000003 0.63 0.475 0.6366666671875 0.49749999999999994 0.6533333328125 0.5025000000000001 0.6733333328125 0.53 0.7016666671875 0.5349999999999999 0.72 0.5525 0.7433333328125 0.53 0.7716666671875 0.525 0.7933333328125001 0.5549999999999999 0.8099999999999999 0.6075 0.9183333328125001 0.6275000000000001 0.9166666671874999 0.6425 0.9349999999999999 0.67 0.9383333328125 0.6575 0.9466666671875 0.6575 0.9533333328125 0.6725 0.96 0.6725 0.9683333328125 0.6425 0.9983333328124999 0.6224999999999999 0.9983333328124999 0.4 0.8033333328125 0.4 0.755 0.4125 0.67 0.41500000000000004 0.5633333328125001 0.40750000000000003 0.44000000000000006 0.41500000000000004 0.43833333281250003 0.4225 0.43833333281250003 0.475 0.4733333328125 0.4625 0.475 0.4375 0.4883333328125 0.45
6 0.5633333328125001 0.615 0.5833333328125 0.6075 0.5916666671875 0.5925 0.6033333328125 0.49000000000000005 0.5933333328125 0.4625 0.5733333328125 0.44000000000000006 0.5166666671875 0.4575 0.5033333328125 0.475 0.485 0.4725 0.46666666718750005 0.4925 0.46166666718749994 0.505 0.46666666718750005 0.54 0.5016666671875 0.5825 0.5633333328125001 0.615
3 0 0.27 0.038333332812499996 0.2725 0.0466666671875 0.28250000000000003 0.0533333328125 0.2725 0.0733333328125 0.275 0.0783333328125 0.26749999999999996 0.15 0.255 0.205 0.28500000000000003 0.24333333281249997 0.2325 0.27999999999999997 0.2125 0.1616666671875 0.205 0.1166666671875 0.2125 0.0283333328125 0.20249999999999999 0 0.20249999999999999 0 0.27
3 0.4533333328125 0.28500000000000003 0.48 0.27999999999999997 0.5066666671875 0.305 0.5266666671875 0.305 0.5316666671875 0.3175 0.5566666671875 0.3175 0.5700000000000001 0.33999999999999997 0.5833333328125 0.3275 0.5900000000000001 0.2875 0.6183333328125 0.26 0.71 0.2925 0.7383333328125 0.3225 0.775 0.3225 0.79 0.3325 0.8116666671875 0.3275 0.82 0.3375 0.8316666671874999 0.29 0.8466666671875 0.27 0.8949999999999999 0.27999999999999997 0.9166666671874999 0.305 0.93 0.3375 0.9366666671875 0.32999999999999996 0.9466666671875 0.335 0.9566666671874999 0.3175 0.9833333328125 0.3 0.9983333328124999 0.3025 0.9983333328124999 0.22999999999999998 0.775 0.2325 0.43166666718749996 0.2125 0.38 0.2125 0.425 0.26749999999999996 0.43 0.3125 0.4533333328125 0.28500000000000003
6 0 0.43499999999999994 0.0116666671875 0.42000000000000004 0.0233333328125 0.42000000000000004 0.025 0.41 0.038333332812499996 0.41 0.03 0.385 0.005 0.35750000000000004 0 0.36 0 0.43499999999999994