7 0 0.8977179578125 0.007805440625 0.8995199859375 0.0391948640625 0.87255666875 0.088194278125 0.857553584375 0.1119818953125 0.8683084875 0.1566055 0.9101892453125 0.146426078125 0.9315230812499999 0.19369561562499998 0.9424361140625 0.20316243125 0.920937759375 0.1749633671875 0.9065328453125 0.17241760625 0.8796296218749999 0.185174796875 0.8167861265624999 0.1844947171875 0.7666296874999999 0.195827734375 0.74029908125 0.18951496875 0.6993684296875 0.16962964375 0.6868828921875 0.173158075 0.6640135546875 0.1049177796875 0.6561536875 0.096874621875 0.6227181921875 0.062092215625 0.5988987453125 0.0628719484375 0.5727632703125 0.055576515625 0.5816051843750001 0.0124127234375 0.5637453906250001 0 0.5624088515625 0 0.8977179578125
7 0.8611456484375 1 0.832118884375 0.95035564375 0.828419528125 0.9284491875 0.8352058078125 0.9142266296875 0.8490845859375 0.9147992484374999 0.8385989484374999 0.90711535 0.83177703125 0.8608040546875 0.84470515 0.8427363531250001 0.8603143203125001 0.8358138203125 0.8649963453125 0.807947709375 0.8318766859375 0.784512140625 0.8074446234374999 0.784134653125 0.7634334546875 0.8002893625 0.7451432328125 0.7960667328125 0.7435481296875001 0.7878038265625 0.7301785046875 0.792611853125 0.725834703125 0.7810828125 0.71514613125 0.797036003125 0.6968559078125 0.792813371875 0.6969911984375 0.7770553125 0.6730682890625 0.7820584703125 0.6327208421875 0.7595857828125 0.6047603500000001 0.782077634375 0.5976002078125 0.7751614874999999 0.5869792796875 0.7832356484375 0.5626148640624999 0.7749791296875 0.5509079859375 0.78017103125 0.5365877015625 0.7663387375 0.5160579328125 0.764230615625 0.49641117812499996 0.7886418453124999 0.4459519546875 0.7796239640625 0.4363493328125 0.798459415625 0.4325823296875 0.7844319890625 0.4086594203125 0.789435146875 0.4029590890625 0.8065399640625 0.40791532343750003 0.876104475 0.3587129765625 0.9147446499999999 0.3554551265625 0.9060978687500001 0.23495756874999998 0.9045943046874999 0.2287480859375 0.9163184781249999 0.24907491875 0.9420636890624999 0.2461909296875 0.9545556124999999 0.3237858171875 0.9724698046875 0.332212296875 0.961257465625 0.3433423765625 0.9585639499999999 0.3542338859375 0.9189736671875 0.3854522265625 0.9051285984374999 0.418707178125 0.9128061078125 0.43391047812499994 0.9531577531250001 0.45155625781250003 0.9677577984375001 0.45366051250000006 0.9814013484374999 0.4423951421875 0.9998529250000001 0.44303219374999997 1 0.8611456484375 1
6 0.39528979375 0.7942431734375 0.3542622671875 0.7216140453125 0.2393973953125 0.71088469375 0.22660456718750002 0.713194334375 0.2175787421875 0.729531403125 0.1859225203125 0.8590635359375 0.20075195781250002 0.8782764750000001 0.22895102031249998 0.8926813890625 0.34829498281250004 0.899181721875 0.3917293546875 0.8855253953125001 0.40126433281249996 0.8745689734375001 0.4047927640625 0.851699634375 0.39528979375 0.7942431734375
6 0.143880315625 0.9046198578125001 0.09094297500000001 0.8608197203125 0.0296598875 0.883513090625 0.012693668750000001 0.9006485234375001 0.13871697656249998 0.9297432953125 0.14764731874999998 0.9186472828125 0.143880315625 0.9046198578125001
6 0.44650036875000004 0.9744852015625 0.4305173375 0.96026903125 0.418639534375 0.9206851374999999 0.3820590875 0.9122398765625 0.3580008875 0.9330010937500001 0.35722115468750004 0.95913656875 0.33645436875 0.9753945703125 0.435441834375 0.9982476265625 0.44361638125 0.9869771249999999 0.44650036875000004 0.9744852015625
6 0.8977179578125 1 0.91283058125 0.9345400390625 0.907857546875 0.9257365078124999 0.8912977171875 0.914018721875 0.8600793765624999 0.9278637921874999 0.8351381625000001 0.9221056593749999 0.8398558234375001 0.95477340625 0.8578754671875 0.9905121546875 0.8653664843750001 1 0.8977179578125 1
6 0.8750761140625001 0.8629057875000001 0.8622832859375 0.8652154296875001 0.8549202062499999 0.881936371875 0.8641846046874999 0.9024960703125 0.8751793937500001 0.9155606125 0.902360153125 0.9192042359375 0.9132011296875 0.9329350156249999 0.9237372984375 0.887297853125 0.898796084375 0.8815397203125 0.8750761140625001 0.8629057875000001
6 0.9147042203125 0.64574144375 0.8781557812499999 0.5688832984375 0.855521759375 0.5531316265624999 0.84018316875 0.5285380421875 0.809406334375 0.5556427859374999 0.7818197062500001 0.5992733421875001 0.721487278125 0.6406070328125 0.711884653125 0.659442484375 0.6971264890625 0.7612972546875 0.75589945 0.7722345125000001 0.80880115625 0.75550079375 0.848468525 0.7278170421875 0.8709316218750001 0.6987929203125 0.893836225 0.6830284703125 0.8996042 0.6580446234374999 0.9147042203125 0.64574144375
6 0.6909490140625001 0.7046085421875 0.6679411296875 0.667718165625 0.64313520625 0.6462019734375 0.6102541171875 0.6596631671875001 0.5910488703125 0.6973340703125 0.558609290625 0.7240549406250001 0.5534857578125 0.7386613734374999 0.55891550625 0.7530726750000001 0.585384178125 0.7749727421875 0.6100191734375 0.7517131406249999 0.64225581875 0.7486293625 0.6573558390625001 0.73632618125 0.6684182734374999 0.7415116937499999 0.6909490140625001 0.7046085421875
6 0.6561309703125 0.62025524375 0.648700246875 0.644855215625 0.6696038765625001 0.668102040625 0.7041477140625 0.655024721875 0.7305807484375 0.6163909359375 0.71184901875 0.5989086296874999 0.6869078046875 0.593150496875 0.6673963421875 0.601803665625 0.6561309703125 0.62025524375
6 0.7383176890625001 0.6208086984375 0.756166403125 0.6117716546875 0.8077435875000001 0.5552589109375 0.76156051875 0.5656491015625 0.7202304015625 0.592948978125 0.7195859578125 0.60332639375 0.7383176890625001 0.6208086984375
6 0.5859217109375 0.582993765625 0.5795769375 0.6104759984375 0.6343799625 0.6310229203125 0.649412334375 0.62659876875 0.6809012562500001 0.58123758125 0.6612865125 0.537235925 0.6408243890625 0.527248775 0.6213129265624999 0.53590194375 0.5859217109375 0.582993765625
6 0.5030549140625 0.5322838703125 0.49901733125 0.5497725640625 0.514797428125 0.5876258234375 0.5724167953125 0.6035598515625 0.6208037734375 0.5305212984375001 0.6194116078125 0.498621303125 0.589617440625 0.4759534828125 0.551748109375 0.48826305156250005 0.5030549140625 0.5322838703125
6 0.40105414375 0.6403125875 0.4066868296875 0.6310867984375 0.42216070937500005 0.6399223234375 0.423958746875 0.6245481390625 0.44866138906249997 0.5934095078125 0.45507380781249995 0.5580482453125 0.43576527968749995 0.5430643234375 0.40128908750000003 0.5482626125000001 0.390600515625 0.5642158046875 0.2770958015625 0.6537993328125 0.2641000375 0.6797460625 0.28608961875 0.70587515 0.3206334546875 0.6927978312499999 0.3505629109375 0.699707590625 0.3824933390625 0.667606075 0.3826286296875 0.6518480156249999 0.3966426984375 0.636662575 0.40105414375 0.6403125875
6 0 0.5501950328125 0.010308468749999999 0.550101840625 0.027954248437500002 0.564701884375 0.0640931890625 0.559887471875 0.044104581250000004 0.4947471109375 0.014175125 0.4878373515625 0.0024006031250000002 0.5009082828125 0 0.5010646249999999 0 0.5501950328125
6 0.093445846875 0.569295615625 0.08628570468749999 0.5623794671875 0.077633740625 0.599855240625 0.0963654703125 0.6173375453125 0.116318440625 0.6219440515625 0.1627044453125 0.587916771875 0.159514240625 0.5713909625 0.14627990625 0.560440928125 0.1096318140625 0.559874696875 0.093445846875 0.569295615625
6 0.11254781250000001 0.4789698890625 0.08248306562499999 0.4878181890625 0.07094711406250001 0.5377858828125001 0.08007622187499999 0.5741036421875 0.0879484515625 0.56276334375 0.124087390625 0.5579489296875 0.141426953125 0.5435312421875 0.141629890625 0.5198941515625 0.12527299375 0.4845392765625 0.11254781250000001 0.4789698890625
6 0.17617372656250002 0.5068168328125 0.14916389375 0.5479490031250001 0.1485194515625 0.55832641875 0.1579191390625 0.56312805625 0.1666067375 0.5861861390625001 0.18489696093750002 0.5904087687499999 0.2250058390625 0.5759846921875 0.2608385609375 0.54215254375 0.2107175625 0.4937395140625 0.17617372656250002 0.5068168328125
6 0.24183625000000003 0.5561863578125 0.22436139531250002 0.5863621078125 0.2146234828125 0.6209556187499999 0.24014149218749997 0.624215365625 0.256633678125 0.6438121812500001 0.29182195625 0.620357446875 0.3020690234375 0.59114458125 0.27682159375 0.5563687140625 0.25744541875000004 0.5492638234375 0.24183625000000003 0.5561863578125
4 0 0.45951870625 0.1353491328125 0.41055061718749997 0.172506378125 0.41649749218750004 0.175764228125 0.4251442734375 0.19924562968749998 0.406881440625 0.2281567796875 0.4030299109375 0.2557790453125 0.4199332078125 0.2742722046875 0.40051875 0.32703861875 0.3995430921875 0.47278360625 0.43582252187500004 0.4779071390625 0.4212160890625 0.5045787453125 0.41947906718750005 0.520967646875 0.38642105781249997 0.5530690046875 0.39909533750000004 0.5522892703125 0.4252308125 0.5695611890625 0.418692153125 0.585544221875 0.4329083234375 0.61306320625 0.3971567984375 0.614284446875 0.384280996875 0.6237517796875001 0.38120360625 0.5878157749999999 0.3623809296875 0.43151750624999996 0.32629663125 0.4231361234375 0.3322562828125 0.42070964687499995 0.323801440625 0.39992530312499996 0.319002996875 0.38092299218750003 0.333036809375 0.3682654546875 0.319588390625 0.3111552390625 0.30903500781250004 0.30776210000000004 0.31614628749999996 0.2883859265625 0.3090413953125 0.19449233125 0.3136798421875 0.10521311562499999 0.2983312078125 0.07849641406249999 0.30532091562499997 0.033685621875 0.297123734375 0 0.44303219531250004 0 0.45951870625
6 0.3741403390625 0.4762061046875 0.38635636875 0.47639485 0.40159167656249994 0.448333609375 0.385743934375 0.41835938125 0.329787315625 0.40280922812500003 0.2891692859375 0.41185265937500004 0.2615150125 0.46336224374999996 0.2405793734375 0.5085283031250001 0.24217447499999997 0.516791209375 0.26090620468750003 0.5342735140625 0.29582390468750003 0.5423349 0.3266683828125 0.507351125 0.3573775734375 0.488125409375 0.36901680625 0.4908125390625 0.3741403390625 0.4762061046875
6 0.42286916874999997 0.49271914062500005 0.41659204218749996 0.51232234375 0.41805185468749995 0.5363433078125001 0.45962054218750004 0.5459401953125 0.4792672953125 0.5215289671875001 0.47129178437499997 0.4802144421875 0.4597201953125 0.46964828281250004 0.447504165625 0.46945953906250004 0.42286916874999997 0.49271914062500005
6 0.3924982078125 0.47254970625 0.372851453125 0.496960934375 0.3698998203125 0.5173318890624999 0.34930240625 0.523102796875 0.34417887343750003 0.5377092296875 0.36521779374999996 0.545197996875 0.383710953125 0.5257835375 0.39925247812500003 0.5267400328125 0.404952809375 0.509635215625 0.42683910625 0.48310947656250003 0.42928158749999995 0.457357878125 0.3924982078125 0.47254970625
6 0.9409663265624999 0.5623318625 0.9165342656250001 0.5619543765625 0.8958692078125001 0.5756043140625 0.8918316234375 0.5930930078125 0.9120908125 0.6267172484375 0.9221349421875 0.621141471875 0.9287182875 0.6305560046875 0.9388300624999999 0.617101196875 0.975852015625 0.6388061328125 0.9811863375 0.6384587296875 0.992642425 0.588836965625 0.9602072093749999 0.5851948140625 0.9409663265624999 0.5623318625
6 1 0.5304398875 0.9874876218749999 0.5125465250000001 0.9576258125000001 0.49775773437500004 0.92172544375 0.5394689125000001 0.9166019109375 0.554075346875 0.9204365578125 0.5602237421875 0.9432058718749999 0.5602173546875 0.9707604921874999 0.5849996828124999 0.99587545 0.5748331953125 1 0.5569678046875 1 0.5304398875
4 1 0.45460491875000003 0.7402793984375 0.3923168328125 0.734069915625 0.40404100468750004 0.72894638125 0.41864743750000005 0.7344437765625 0.42517971093750007 0.781000709375 0.43592822499999995 0.8121514062499999 0.429962184375 0.8374664796875001 0.45685902343749996 0.8569779453124999 0.448205853125 0.8696354812499999 0.46165427187499997 1 0.516916871875 1 0.45460491875000003
4 0.7111653125 0.41980545312500006 0.74431698125 0.3748281390625 0.7344757875 0.35676682656250003 0.7385810140625 0.331399103125 0.7314885171875 0.316603925 0.7467914703125 0.28066365625 0.7274152984375 0.273558765625 0.6917855109375 0.283753825 0.6585661968750001 0.33661016718750003 0.656768159375 0.35198435156249996 0.630470415625 0.374860078125 0.601730190625 0.42348740312500005 0.6037668 0.44500998437500006 0.6159828296875001 0.44519872656250004 0.631389065625 0.46191328125000003 0.6641705015625 0.5247440015625 0.6991558437500001 0.5249263578125001 0.7140849359375 0.4678473828125 0.7111653125 0.41980545312500006
6 0.6780456515625 0.3963698828125 0.6625397625 0.45594724218750005 0.6642381453125 0.516864971875 0.6674959953124999 0.525511753125 0.700818590625 0.5253102328125 0.714017290625 0.4757264125 0.714287871875 0.44421029375 0.697998621875 0.4009763890625 0.6780456515625 0.3963698828125
6 0.7440143921875 0.4747571421875 0.737431046875 0.46534260937500005 0.7151708859375 0.47072964375000004 0.7121516078125001 0.498979628125 0.7410627578125 0.4951280953125 0.7440143921875 0.4747571421875
6 0.601730190625 0.42348740312500005 0.6026808499999999 0.4421277234375 0.6442495390625 0.4517246109375 0.6628103421875 0.424431121875 0.6658296203125 0.39618113906249997 0.6405145453125 0.3692843015625 0.6276540734375 0.379472971875 0.601730190625 0.42348740312500005
6 0.6683397453125 0.362550509375 0.66206261875 0.38215371249999996 0.687512984375 0.393292490625 0.706753865625 0.41615544218749995 0.7279957234375 0.40000711874999995 0.7404146890625001 0.376558771875 0.7299966953125 0.36099584375 0.680623421875 0.3548602234375 0.6683397453125 0.362550509375
6 0.6619593375 0.3294988875 0.6578541078125 0.3548666125 0.6912443500000001 0.3467860625 0.690293690625 0.3281457421875 0.6619593375 0.3294988875
6 0.7299966953125 0.36099584375 0.7362061796875 0.349271671875 0.7369182671875001 0.331015228125 0.726500275 0.3154522984375 0.7019329234375 0.33083287031249997 0.6961649484375 0.35581671875 0.7299966953125 0.36099584375
6 0.7014914171875 0.3175731953125 0.6922270187499999 0.2970134984375 0.6760410515624999 0.30643441875 0.6709175187499999 0.3210408515625 0.6908704890624999 0.3256473578125 0.7014914171875 0.3175731953125
6 0.70705645625 0.3162264390625 0.724837528125 0.31506842343749997 0.7489633703125 0.28642817656249997 0.7257525499999999 0.2731748890625 0.6917855109375 0.283753825 0.6889015234375 0.29624574843749996 0.70705645625 0.3162264390625