7 0.30301532343750004 1 0.307958478125 0.9739583328125001 0.276816609375 0.9661458328125001 0.26816609062499996 0.9401041671874999 0.2664359859375 0.875 0.254325259375 0.8255208328125001 0.2595155703125 0.796875 0.24394463593750002 0.7578125 0.2214532875 0.75 0.2197231828125 0.7265625 0.15051903125 0.734375 0.134948096875 0.703125 0.095155709375 0.6875 0.0899653984375 0.6614583328125 0.08477508593750001 0.671875 0.038062284375 0.6640625 0 0.6686458328125 0 1 0.10817701718749999 1 0.134948096875 0.9635416671874999 0.1799307953125 0.9375 0.20588235312499997 0.9427083328125001 0.2595155703125 0.9739583328125001 0.253748559375 1 0.30301532343750004 1
7 1 0.9227941171875 0.9948096890624999 0.921875 0.9359861593750001 0.859375 0.9273356406250001 0.8385416671874999 0.9307958484375 0.8229166671874999 0.944636678125 0.8203125 0.9325259515625 0.8151041671874999 0.9152249140625001 0.7708333328125 0.9238754328125 0.75 0.9377162625000001 0.7395833328125 0.9359861593750001 0.7109375 0.897923875 0.6953125 0.8737024218749999 0.7005208328125 0.8339100343749999 0.7265625 0.8148788921874999 0.7265625 0.811418684375 0.71875 0.7993079578125 0.7265625 0.79238754375 0.7161458328125 0.785467128125 0.734375 0.7664359859375 0.734375 0.7629757781250001 0.71875 0.7404844296875 0.7291666671875 0.6955017296875 0.7161458328125 0.67301038125 0.7447916671875 0.6643598609375 0.7395833328125 0.6557093421875 0.75 0.6297577859375 0.7473958328125 0.6193771625 0.7552083328125 0.602076125 0.7447916671875 0.5813148781249999 0.7473958328125 0.5674740484374999 0.7760416671875 0.515570934375 0.7786458328125 0.5103806234375 0.7994791671875 0.5034602078125 0.7864583328125 0.4809688578125 0.796875 0.4792387546875 0.8151041671874999 0.5 0.8828125 0.4602076125 0.9322916671874999 0.4550173015625 0.9244791671874999 0.3356401390625 0.9505208328125001 0.33217993125 0.9635416671874999 0.3581314875 0.984375 0.3581314875 1 0.43771626250000006 1 0.444636678125 0.984375 0.4550173015625 0.9791666671874999 0.45674740468749997 0.9375 0.484429065625 0.9166666671874999 0.5190311421875 0.9166666671874999 0.5432525953125 0.953125 0.564013840625 0.9635416671874999 0.5692041515625 0.9765625 0.5622837374999999 0.9973958328125001 0.5634371406249999 1 0.8299945359375 1 0.8287197234375 0.9635416671874999 0.847750865625 0.9453125 0.897923875 0.9635416671874999 0.929794209375 1 1 1 1 0.9227941171875
6 0.46885813125000003 0.8046875 0.41176470624999995 0.7421875 0.2958477515625 0.7578125 0.28373702500000003 0.7630208328125 0.27854671249999996 0.78125 0.276816609375 0.9166666671874999 0.2958477515625 0.9322916671874999 0.32698961875 0.9401041671874999 0.44636678124999996 0.9192708328125001 0.4861591703125 0.8958333328125001 0.49307958437500005 0.8828125 0.49134948125 0.859375 0.46885813125000003 0.8046875
6 0.2450456125 1 0.25259515625 0.984375 0.245674740625 0.9713541671874999 0.183391003125 0.9401041671874999 0.12802768125 0.9765625 0.11356895625 1 0.2450456125 1
6 0.55394778125 1 0.5605536328125 0.984375 0.5605536328125 0.9713541671874999 0.541522490625 0.9609375 0.5207612453125 0.9244791671874999 0.48269896250000005 0.9244791671874999 0.46366782031250003 0.9505208328125001 0.46885813125000003 0.9765625 0.44995056875 1 0.55394778125 1
6 0.9219805578125 1 0.8771626296875 0.9583333328125001 0.8356401390625001 0.9583333328125001 0.8369583125 1 0.9219805578125 1
6 1 0.8155776515625 0.9861591703125001 0.8098958328125001 0.958477509375 0.8307291671874999 0.9325259515625 0.8307291671874999 0.944636678125 0.8619791671874999 0.9705882359375 0.8932291671874999 0.9965397921875001 0.9140625 1 0.9140625 1 0.8155776515625
6 1 0.7760416671875 0.9861591703125001 0.7760416671875 0.958477509375 0.7630208328125 0.9463667812500001 0.7682291671875 0.942906575 0.7864583328125 0.9567474046875001 0.8046875 0.9705882359375 0.8151041671874999 0.998269896875 0.8125 1 0.8138888874999999 1 0.7760416671875
6 0.9480968859375001 0.5390625 0.8944636671874999 0.4713541671875 0.8685121109375 0.4609375 0.847750865625 0.4401041671875 0.8235294124999999 0.4739583328125 0.8062283734375001 0.5234375 0.7560553640625 0.578125 0.7508650515624999 0.5989583328125 0.7595155703125 0.703125 0.8200692046875 0.7005208328125 0.8685121109375 0.671875 0.9013840828124999 0.6354166671875 0.9169550171875 0.6015625 0.9359861593750001 0.5807291671875 0.9359861593750001 0.5546875 0.9480968859375001 0.5390625
6 0.7404844296875 0.6484375 0.7093425609375 0.6171875 0.6799307953125 0.6015625 0.65051903125 0.6223958328125 0.6401384078125 0.6640625 0.6141868515625 0.6979166671875 0.612456746875 0.7135416671875 0.6211072671875 0.7265625 0.652249134375 0.7421875 0.6712802765625 0.7135416671875 0.7024221453124999 0.703125 0.714532871875 0.6875 0.7266435984374999 0.6901041671875 0.7404844296875 0.6484375
6 0.6868512109375 0.5729166671875 0.6851211078125 0.5989583328125 0.7110726640625 0.6171875 0.7422145328124999 0.5963541671875 0.7595155703125 0.5520833328125 0.7370242218749999 0.5390625 0.7110726640625 0.5390625 0.6937716265625 0.5520833328125 0.6868512109375 0.5729166671875
6 0.7681660906250001 0.5546875 0.783737025 0.5416666671875 0.8217993078125 0.4739583328125 0.7785467125000001 0.4947916671875 0.7439446359375 0.53125 0.7456747406249999 0.5416666671875 0.7681660906250001 0.5546875
6 0.6089965390625001 0.5520833328125 0.6089965390625001 0.5807291671875 0.66782006875 0.5885416671875 0.6816609 0.5807291671875 0.7024221453124999 0.5286458328125 0.67301038125 0.4895833328125 0.65051903125 0.484375 0.63321799375 0.4973958328125 0.6089965390625001 0.5520833328125
6 0.515570934375 0.5208333328125 0.515570934375 0.5390625 0.5397923875 0.5729166671875 0.6003460203125 0.5755208328125 0.6314878890625 0.4921875 0.6228373703125001 0.4609375 0.58823529375 0.4453125 0.55363321875 0.4661458328125 0.515570934375 0.5208333328125
6 0.4394463671875 0.6510416671875 0.442906575 0.640625 0.4602076125 0.6458333328125 0.45847750937500004 0.6302083328125 0.475778546875 0.59375 0.47404844218750003 0.5572916671875 0.45155709374999997 0.546875 0.418685121875 0.5598958328125 0.41176470624999995 0.578125 0.3200692046875 0.6927083328125 0.3131487890625 0.7213541671875 0.34083045 0.7421875 0.37197231875000003 0.7213541671875 0.40311418750000005 0.7213541671875 0.42733564062499996 0.6822916671875 0.4238754328125 0.6666666671875 0.4342560546875 0.6484375 0.4394463671875 0.6510416671875
6 0 0.6589583328125 0.032871971875 0.6510416671875 0.05363321875 0.6614583328125 0.08823529375 0.6484375 0.05363321875 0.5885416671875 0.02249135 0.5885416671875 0.0138408296875 0.6041666671875 0.0051903109375 0.6067708328125 0.0034602078125 0.5963541671875 0.0034602078125 0.6041666671875 0 0.6041666671875 0 0.6589583328125
6 0.1193771625 0.6510416671875 0.11072664375 0.6458333328125 0.11072664375 0.6848958328125 0.13321799375 0.6979166671875 0.1539792390625 0.6979166671875 0.192041521875 0.6536458328125 0.1851211078125 0.6380208328125 0.1695501734375 0.6302083328125 0.13321799375 0.6380208328125 0.1193771625 0.6510416671875
6 0.117647059375 0.5572916671875 0.0899653984375 0.5729166671875 0.0899653984375 0.625 0.1072664359375 0.6588541671875 0.112456746875 0.6458333328125 0.1470588234375 0.6328125 0.1608996546875 0.6145833328125 0.15570934218750002 0.5911458328125 0.1314878890625 0.5598958328125 0.117647059375 0.5572916671875
6 0.18685121093749998 0.5703125 0.1695501734375 0.6171875 0.1712802765625 0.6276041671875 0.1816609 0.6302083328125 0.1955017296875 0.6510416671875 0.214532871875 0.6510416671875 0.2508650515625 0.6276041671875 0.27854671249999996 0.5859375 0.21799307968749998 0.5494791671875 0.18685121093749998 0.5703125
6 0.262975778125 0.6041666671875 0.25259515625 0.6380208328125 0.2508650515625 0.6744791671875 0.276816609375 0.671875 0.2975778546875 0.6875 0.32698961875 0.65625 0.3304498265625 0.625 0.2975778546875 0.5963541671875 0.276816609375 0.59375 0.262975778125 0.6041666671875
4 0 0.565071203125 0.1245674734375 0.484375 0.1626297578125 0.4817708328125 0.16782006875 0.4895833328125 0.18685121093749998 0.4661458328125 0.214532871875 0.4557291671875 0.245674740625 0.4661458328125 0.2595155703125 0.4427083328125 0.31141868437500003 0.4296875 0.46366782031250003 0.4322916671875 0.46539792343749997 0.4166666671875 0.49134948125 0.4088541671875 0.5 0.3723958328125 0.5346020765625 0.3776041671875 0.5397923875 0.4036458328125 0.555363321875 0.3932291671875 0.5743944640625 0.4036458328125 0.5934256062500001 0.3619791671875 0.5916955015625 0.3489583328125 0.6003460203125 0.34375 0.5605536328125 0.3333333328125 0.397923875 0.3333333328125 0.3910034609375 0.3411458328125 0.3866782 0.3333333328125 0.365051903125 0.3333333328125 0.34948096875 0.3515625 0.333910034375 0.3411458328125 0.2750865046875 0.34375 0.27335640156249996 0.3515625 0.25259515625 0.3489583328125 0.1608996546875 0.375 0.06920415156250001 0.3802083328125 0.0444059984375 0.3932291671875 0 0.395275296875 0 0.565071203125
6 0.3754325265625 0.4947916671875 0.387543253125 0.4921875 0.396193771875 0.4609375 0.37370242187499997 0.4348958328125 0.3148788921875 0.4322916671875 0.276816609375 0.4505208328125 0.261245675 0.5078125 0.2508650515625 0.5572916671875 0.254325259375 0.5651041671875 0.276816609375 0.578125 0.3131487890625 0.578125 0.3356401390625 0.5364583328125 0.3615916953125 0.5104166671875 0.37370242187499997 0.5104166671875 0.3754325265625 0.4947916671875
6 0.42733564062499996 0.5 0.4256055359375 0.5208333328125 0.43252595156250007 0.5442708328125 0.475778546875 0.5442708328125 0.4896193765625 0.515625 0.4723183390625 0.4765625 0.45847750937500004 0.46875 0.44636678124999996 0.4713541671875 0.42733564062499996 0.5
6 0.3927335640625 0.4869791671875 0.3788927328125 0.515625 0.3806228375 0.5364583328125 0.3615916953125 0.546875 0.3598615921875 0.5625 0.382352940625 0.5651041671875 0.396193771875 0.5416666671875 0.41176470624999995 0.5390625 0.41349480937500005 0.5208333328125 0.42906574375 0.4895833328125 0.4256055359375 0.4635416671875 0.3927335640625 0.4869791671875
6 1 0.46634615312500005 0.9792387546875 0.46875 0.9550173015625001 0.4505208328125 0.9307958484375 0.4557291671875 0.9134948093749999 0.4739583328125 0.9134948093749999 0.4921875 0.9411764703125 0.5208333328125 0.9498269890625 0.5130208328125 0.958477509375 0.5208333328125 0.9653979234375001 0.5052083328125 1 0.516059028125 1 0.46634615312500005
6 1 0.4 0.9896193765625 0.390625 0.9567474046875001 0.3828125 0.9307958484375 0.4322916671875 0.9290657437500001 0.4479166671875 0.9342560546875 0.453125 0.9567474046875001 0.4479166671875 0.9896193765625 0.4661458328125 1 0.45885416718750005 1 0.4
4 1 0.3305231875 0.7179930796875 0.328125 0.714532871875 0.3411458328125 0.71280276875 0.3567708328125 0.7197231828125 0.3619791671875 0.7681660906250001 0.3619791671875 0.7975778546875001 0.3489583328125 0.8287197234375 0.3697916671875 0.8460207609375001 0.3567708328125 0.8615916953125 0.3671875 1 0.3915669328125 1 0.3305231875
4 0.6955017296875 0.3619791671875 0.7179930796875 0.3098958328125 0.7041522484375 0.2942708328125 0.7024221453124999 0.2682291671875 0.692041521875 0.2552083328125 0.6989619375 0.21614583281250002 0.6782006921875 0.21354166718749998 0.6453287203125 0.23177083281250002 0.6245674734375 0.2916666671875 0.626297578125 0.3072916671875 0.6055363328125 0.3359375 0.58823529375 0.390625 0.595155709375 0.4114583328125 0.6072664359375 0.4088541671875 0.626297578125 0.421875 0.67301038125 0.4765625 0.70761245625 0.46875 0.7093425609375 0.4088541671875 0.6955017296875 0.3619791671875
6 0.657439446875 0.3463541671875 0.6557093421875 0.4088541671875 0.6712802765625 0.46875 0.6764705875 0.4765625 0.7093425609375 0.46875 0.7110726640625 0.4166666671875 0.7041522484375 0.3854166671875 0.6782006921875 0.3463541671875 0.657439446875 0.3463541671875
6 0.7404844296875 0.4088541671875 0.7318339093749999 0.4010416671875 0.7110726640625 0.4114583328125 0.714532871875 0.4401041671875 0.7422145328124999 0.4296875 0.7404844296875 0.4088541671875
6 0.58823529375 0.390625 0.5934256062500001 0.4088541671875 0.6366782 0.4088541671875 0.6487889265625 0.3776041671875 0.6453287203125 0.3489583328125 0.6141868515625 0.328125 0.6038062281250001 0.3411458328125 0.58823529375 0.390625
6 0.6401384078125 0.3151041671875 0.6384083046875 0.3359375 0.666089965625 0.3411458328125 0.69031141875 0.359375 0.70761245625 0.3385416671875 0.714532871875 0.3125 0.7006920421875 0.2994791671875 0.65051903125 0.3046875 0.6401384078125 0.3151041671875
6 0.626297578125 0.2838541671875 0.6280276812500001 0.3098958328125 0.65916955 0.2942708328125 0.6539792390625 0.2760416671875 0.626297578125 0.2838541671875
6 0.7006920421875 0.2994791671875 0.7041522484375 0.2864583328125 0.7006920421875 0.2682291671875 0.6868512109375 0.2552083328125 0.666089965625 0.2760416671875 0.666089965625 0.3020833328125 0.7006920421875 0.2994791671875
6 0.6626297578125 0.2630208328125 0.6487889265625 0.24479166718749998 0.634948096875 0.2578125 0.63321799375 0.2734375 0.6539792390625 0.2734375 0.6626297578125 0.2630208328125
6 0.66782006875 0.2604166671875 0.6851211078125 0.2552083328125 0.7024221453124999 0.22135416718749998 0.6764705875 0.21354166718749998 0.6453287203125 0.23177083281250002 0.6453287203125 0.24479166718749998 0.66782006875 0.2604166671875