0 0.8634751765625 0.9800332781250001 0.8634751765625 0.9650582359375001 0.858156028125 0.955074875 0.84397163125 0.955074875 0.8262411343749999 0.9217970046874999 0.8333333328125001 0.8918469218749999 0.828014184375 0.8768718796874999 0.8173758859375001 0.87021630625 0.8173758859375001 0.8585690515625 0.8492907796875 0.8269550750000001 0.861702128125 0.7554076546874999 0.8546099296874999 0.712146421875 0.872340425 0.6955074875 0.84042553125 0.6455906828125 0.8510638296874999 0.6306156406250001 0.8492907796875 0.6156405984375 0.8014184390624999 0.5973377703125 0.8014184390624999 0.9850249578125 0.8031914890625 0.99833610625 0.84751773125 0.99833610625 0.8634751765625 0.9800332781250001
0 0.84574468125 0.99833610625 0.861702128125 0.9650582359375001 0.84397163125 0.9600665562499999 0.8297872343750001 0.9467554078125 0.8244680843750001 0.9251247921875001 0.828014184375 0.886855240625 0.8120567375000001 0.8602329453124999 0.8262411343749999 0.8302828625 0.8421985812499999 0.8252911812500001 0.84397163125 0.800332778125 0.8528368796875 0.78702163125 0.856382978125 0.7554076546874999 0.8492907796875 0.717138103125 0.856382978125 0.675540765625 0.831560284375 0.6455906828125 0.8421985812499999 0.6372712140625 0.84042553125 0.6222961734375 0.8067375890624999 0.6123128125 0.8014184390624999 0.6173044921875 0.8014184390624999 0.981697171875 0.8049645390625001 0.99833610625 0.84574468125 0.99833610625
0 0.074468084375 0.43427620625 0.08333333281250001 0.44925124843750003 0.0992907796875 0.4509151421875 0.1152482265625 0.4442595671875 0.125886525 0.45257903437499997 0.143617021875 0.48752079843749996 0.143617021875 0.5124792015625 0.1329787234375 0.5274542421875 0.138297871875 0.545757071875 0.15957446875 0.5607321125 0.1666666671875 0.625623959375 0.15425531875 0.6572379374999999 0.1347517734375 0.6672212984375 0.109929078125 0.6505823625 0.1028368796875 0.65391015 0.1028368796875 0.668885190625 0.11347517656249999 0.6855241265625 0.141843971875 0.7021630609375 0.15248226874999998 0.73544093125 0.1666666671875 0.7404326125 0.18794326249999999 0.7637271218749999 0.170212765625 0.8136439265625001 0.15780141875 0.8219633937499999 0.1648936171875 0.865224625 0.17198581562499998 0.8785357734374999 0.18794326249999999 0.886855240625 0.19680851093750001 0.1281198 0.173758865625 0.1630615640625 0.17198581562499998 0.1846921796875 0.18617021250000002 0.2113144765625 0.1808510640625 0.236272878125 0.143617021875 0.23460898437500002 0.122340425 0.242928453125 0.09042553125 0.30615640625 0.10106382968750001 0.34276206249999996 0.0992907796875 0.3876871875 0.0868794328125 0.4242928453125 0.074468084375 0.43427620625
0 0.09042553125 0.4326123125 0.09574468124999999 0.4425956734375 0.106382978125 0.43760399375 0.1312056734375 0.45257903437499997 0.1489361703125 0.49584026562499994 0.1507092203125 0.5108153078125001 0.141843971875 0.5357737109375 0.16843971562499999 0.5740432609375 0.170212765625 0.635607321875 0.1294326234375 0.6838602328125 0.15425531875 0.7038269546875 0.15602836874999998 0.718801996875 0.16843971562499999 0.720465890625 0.170212765625 0.7337770375 0.1808510640625 0.7454242921875001 0.18794326249999999 0.7404326125 0.19326241093750002 0.21630615625 0.1808510640625 0.2445923453125 0.1453900703125 0.239600665625 0.12056737656250001 0.2545757078125 0.09574468124999999 0.3128119796875 0.1028368796875 0.33610648906249996 0.10106382968750001 0.4009983359375 0.09397163124999999 0.407653909375 0.09042553125 0.4326123125
0 0.5070921984375001 0 0.5088652484375 0.99833610625 0.7872340421875 0.99833610625 0.7890070921875 0.9933444265625001 0.7730496453125 0 0.5070921984375001 0
0 0.21453900781250002 0 0.20212765937500002 0.9933444265625001 0.203900709375 0.99833610625 0.487588653125 0.99833610625 0.49113475156249997 0 0.21453900781250002 0
0 0.7890070921875 0 0.7907801421875 0.0765391015625 0.8156028375 0.059900165625 0.8386524828124999 0.059900165625 0.8421985812499999 0.023294509375 0.8528368796875 0.0133111484375 0.84751773125 0 0.7890070921875 0
0 0.7890070921875 0 0.7925531921875 0.0748752078125 0.8173758859375001 0.059900165625 0.8333333328125001 0.059900165625 0.84042553125 0.0282861890625 0.8528368796875 0.0116472546875 0.8492907796875 0 0.7890070921875 0
0 0.1826241140625 0.0149750421875 0.17730496406250001 0.04326123125 0.19680851093750001 0.06988352812500001 0.19858156093749998 0.0099833609375 0.1826241140625 0.0149750421875
0 0.18617021250000002 0.99833610625 0.18794326249999999 0.9251247921875001 0.173758865625 0.9267886859375001 0.1666666671875 0.91846921875 0.1453900703125 0.91514143125 0.1312056734375 0.9467554078125 0.1329787234375 0.9717138109375 0.11347517656249999 0.9933444265625001 0.122340425 0.99833610625 0.18617021250000002 0.99833610625
0 0.9237588656250001 0.286189684375 0.9237588656250001 0.277870215625 0.90957446875 0.26955074843750004 0.890070921875 0.2662229625 0.859929078125 0.2728785359375 0.8634751765625 0.28286189687499996 0.890070921875 0.2911813640625 0.9148936171875001 0.2928452578125 0.9237588656250001 0.286189684375
0 0.8067375890624999 0.38602329375 0.8120567375000001 0.3777038265625 0.8085106390625001 0.352745425 0.797872340625 0.3327787015625 0.8262411343749999 0.284525790625 0.84751773125 0.277870215625 0.8492907796875 0.2712146421875 0.794326240625 0.24792013281249997 0.794326240625 0.4242928453125 0.8014184390624999 0.43760399375 0.8138297874999999 0.40599001718750005 0.8067375890624999 0.38602329375