3 0.75818181875 0.7104477609375001 0.7745454546875 0.7134328359375 0.7945454546875 0.7313432828125 0.7963636359375 0.7074626859375 0.809090909375 0.7044776125000001 0.8781818187500001 0.7671641796875 0.9345454546875 0.79402985 0.94181818125 0.8119402984375 0.9363636359375 0.7164179109375 0.9199999999999999 0.65373134375 0.8563636359375 0.6238805968750001 0.84681818125 0.6238805968750001 0.81818181875 0.6238805968750001 0.7872727265624999 0.6417910453125 0.770909090625 0.6656716421875 0.75818181875 0.7104477609375001
3 0.8290909093750001 0.6119402984375 0.8818181812500001 0.576119403125 0.9272727265625 0.525373134375 0.96 0.525373134375 0.9745454546874999 0.4985074625 0.9672727265625 0.471641790625 0.8836363640625 0.40298507499999997 0.849090909375 0.41492537343749997 0.7927272734375 0.4656716421875 0.7854545453124999 0.48358208906250005 0.8054545453124999 0.519402984375 0.809090909375 0.5671641796875 0.8290909093750001 0.6119402984375
3 0.9400000000000001 0.7253731343750001 0.969090909375 0.7343283578124999 0.99818181875 0.7880597015624999 0.99818181875 0.6388059703125 0.9800000000000001 0.6 0.9818181812500001 0.5582089546875 0.9745454546874999 0.54626865625 0.95818181875 0.5313432828125 0.9327272734375001 0.5313432828125 0.849090909375 0.60597015 0.8436363640625 0.6179104484375 0.9163636359374999 0.6447761187500001 0.929090909375 0.6686567171875 0.9400000000000001 0.7253731343750001
3 0.8054545453124999 0.5611940296875 0.7927272734375 0.519402984375 0.770909090625 0.48955223906249995 0.75818181875 0.48955223906249995 0.7236363640625 0.528358209375 0.7145454546875001 0.5671641796875 0.7163636359375001 0.6149253734375 0.7345454546875 0.6238805968750001 0.7672727265625 0.5850746265625 0.8054545453124999 0.5611940296875
3 0.8236363640625 0.6179104484375 0.8054545453124999 0.573134328125 0.76 0.5910447765625 0.7454545453125 0.6089552234375 0.7436363640625 0.6238805968750001 0.76 0.626865671875 0.7745454546875 0.6447761187500001 0.8236363640625 0.6179104484375
3 0.7763636359375 0.6507462687500001 0.76181818125 0.629850746875 0.74 0.626865671875 0.69818181875 0.6716417906250001 0.7163636359375001 0.7134328359375 0.749090909375 0.7134328359375 0.7654545453125 0.6895522390625 0.7763636359375 0.6507462687500001
3 0.78 0.4656716421875 0.7672727265625 0.44179104531249996 0.7127272734375001 0.4179104484375 0.7 0.426865671875 0.6818181812499999 0.480597015625 0.6763636359375 0.4985074625 0.6799999999999999 0.519402984375 0.72181818125 0.528358209375 0.78 0.4656716421875
3 0.690909090625 0.6567164171875 0.7163636359375001 0.629850746875 0.710909090625 0.5970149250000001 0.7163636359375001 0.5402985078125 0.6545454546875 0.528358209375 0.6363636359375 0.5641791046875 0.6272727265625 0.6119402984375 0.6272727265625 0.6388059703125 0.6672727265625 0.629850746875 0.6763636359375 0.6507462687500001 0.690909090625 0.6567164171875
3 0.6781818187499999 0.674626865625 0.669090909375 0.6626865671875 0.6672727265625 0.6388059703125 0.6527272734375 0.6328358203125 0.5654545453125001 0.680597015625 0.5454545453125 0.7044776125000001 0.5472727265625 0.7313432828125 0.6163636359375 0.7253731343750001 0.6581818187499999 0.7074626859375 0.6781818187499999 0.674626865625
3 0.6036363640625 0.5671641796875 0.5945454546875 0.55223880625 0.5599999999999999 0.5582089546875 0.5345454546874999 0.5820895515625 0.529090909375 0.6238805968750001 0.5454545453125 0.6955223875 0.61818181875 0.6447761187500001 0.6036363640625 0.5671641796875
3 0.6527272734375 0.528358209375 0.670909090625 0.519402984375 0.6963636359375001 0.43582089531249996 0.6563636359375 0.4328358203125 0.610909090625 0.44776119375 0.6127272734375 0.480597015625 0.60181818125 0.54925373125 0.6272727265625 0.5970149250000001 0.6527272734375 0.528358209375
3 0.5599999999999999 0.55522388125 0.5945454546875 0.55223880625 0.6054545453125 0.5014925375 0.5745454546875 0.474626865625 0.54181818125 0.471641790625 0.5127272734375 0.48358208906250005 0.49090909062500004 0.522388059375 0.4945454546875 0.6149253734375 0.5272727265625 0.6447761187500001 0.530909090625 0.5850746265625 0.5599999999999999 0.55522388125
3 0.4436363640625 0.6865671640625 0.49818181875 0.7074626859375 0.5272727265625 0.7074626859375 0.529090909375 0.6985074625000001 0.5163636359375 0.6417910453125 0.49090909062500004 0.6179104484375 0.43454545468749994 0.5910447765625 0.369090909375 0.6567164171875 0.35818181875 0.680597015625 0.3563636359375 0.7164179109375 0.37818181875 0.6865671640625 0.39272727343749997 0.6835820890625001 0.4436363640625 0.6865671640625
3 0.4872727265625 0.5641791046875 0.4672727265625 0.5641791046875 0.44000000000000006 0.5850746265625 0.43818181875000006 0.59402985 0.45454545468749996 0.602985075 0.4927272734375 0.6089552234375 0.4872727265625 0.5641791046875
3 0.4763636359375 0.528358209375 0.5036363640625 0.48358208906250005 0.4927272734375 0.4656716421875 0.47818181875 0.46268656718749995 0.410909090625 0.519402984375 0.410909090625 0.5880597015625 0.42181818125000003 0.5910447765625 0.46909090937500003 0.5611940296875 0.4763636359375 0.528358209375
3 0.30727272656250004 0.74626865625 0.310909090625 0.7253731343750001 0.3236363640625 0.7104477609375001 0.3527272734375 0.7134328359375 0.36181818125 0.6626865671875 0.39818181875 0.629850746875 0.409090909375 0.5970149250000001 0.3836363640625 0.54626865625 0.3527272734375 0.5402985078125 0.32 0.5701492531250001 0.29636363593750004 0.6179104484375 0.29454545468750004 0.6507462687500001 0.27999999999999997 0.6955223875 0.28181818125 0.7373134328125001 0.30727272656250004 0.74626865625
3 0.33090909062499996 0.55223880625 0.28545454531250003 0.525373134375 0.2654545453125 0.5373134328125 0.25818181875 0.55522388125 0.2545454546875 0.602985075 0.28363636406250003 0.6716417906250001 0.309090909375 0.5880597015625 0.33090909062499996 0.55223880625
3 0.2545454546875 0.7104477609375001 0.27818181875 0.6895522390625 0.27999999999999997 0.6716417906250001 0.24727272656250002 0.5820895515625 0.2127272734375 0.6089552234375 0.2036363640625 0.6328358203125 0.2054545453125 0.6597014921875 0.22000000000000003 0.6985074625000001 0.2545454546875 0.7104477609375001
3 0.22181818125000002 0.55522388125 0.1836363640625 0.5850746265625 0.18181818125 0.6119402984375 0.1945454546875 0.629850746875 0.24545454531250002 0.5611940296875 0.22181818125000002 0.55522388125
3 0.22000000000000003 0.528358209375 0.1872727265625 0.5373134328125 0.17090909062499998 0.55522388125 0.17636363593749999 0.59402985 0.1872727265625 0.576119403125 0.23454545468750002 0.5432835828125 0.22000000000000003 0.528358209375
3 0.1745454546875 0.6119402984375 0.17090909062499998 0.5582089546875 0.16363636406249998 0.54626865625 0.129090909375 0.5432835828125 0.11454545468749999 0.5582089546875 0.10909090937499999 0.573134328125 0.1254545453125 0.60597015 0.14727272656249998 0.6179104484375 0.1745454546875 0.6119402984375
3 0.0672727265625 0.5164179109375 0.0472727265625 0.522388059375 0.0436363640625 0.5402985078125 0.06 0.5641791046875 0.0763636359375 0.5402985078125 0.0672727265625 0.5164179109375
3 0.0963636359375 0.576119403125 0.0872727265625 0.5402985078125 0.07818181874999999 0.5402985078125 0.06 0.5671641796875 0.06181818125000001 0.5880597015625 0.0763636359375 0.6 0.090909090625 0.59402985 0.0963636359375 0.576119403125
3 0.0963636359375 0.5343283578125 0.1 0.5671641796875 0.12181818124999999 0.5432835828125 0.12 0.5313432828125 0.0963636359375 0.5343283578125