3 0.5070921984375001 0 0.4592198578125 0.0236406625 0.39184397187500003 0.040189125 0.3492907796875 0.06855792031249999 0.3351063828125 0.09219858125 0.3368794328125 0.12056737656250001 0.3138297875 0.1631205671875 0.3191489359375 0.1843971625 0.34397163124999997 0.21749408906249998 0.39184397187500003 0.24113475156250003 0.40425531875000004 0.2387706859375 0.40957446875 0.2529550828125 0.4308510640625 0.257683215625 0.47695035468749997 0.23640661875000002 0.4946808515625 0.23640661875000002 0.53191489375 0.26004728125 0.5691489359374999 0.2647754140625 0.6258865250000001 0.2505910171875 0.6932624109375001 0.19858156093749998 0.737588653125 0.182033096875 0.75 0.16075650156250001 0.7553191484374999 0.1229314421875 0.7446808515625001 0 0.5070921984375001 0
3 0.5106382984375 0.47517730468749997 0.5106382984375 0.5130023640625 0.5230496453125 0.581560284375 0.517730496875 0.6241134749999999 0.53191489375 0.65957446875 0.5585106390625 0.69976359375 0.673758865625 0.711583925 0.7446808515625001 0.78014184375 0.7588652484375 0.78014184375 0.8368794328125 0.65248226875 0.8812056734375 0.522458628125 0.8847517734375 0.42789598125 0.8652482265625 0.378250590625 0.767730496875 0.25531914843750003 0.72163120625 0.22695035468750002 0.6773049640625 0.21985815625 0.622340425 0.25531914843750003 0.579787234375 0.2671394796875 0.53014184375 0.2647754140625 0.5017730499999999 0.24822695 0.484042553125 0.274231678125 0.48049645312499994 0.2931442078125 0.5230496453125 0.32151300312500003 0.5265957453125 0.3806146578125 0.5106382984375 0.47517730468749997
3 0.84751773125 0.3546099296875 0.893617021875 0.326241134375 0.9698581562499999 0.373522459375 0.9503546093749999 0.30023640625 0.9255319156249999 0.257683215625 0.891843971875 0.23167848750000003 0.828014184375 0.22695035468750002 0.7730496453125 0.2505910171875 0.7730496453125 0.257683215625 0.8138297874999999 0.3191489359375 0.84751773125 0.3546099296875
3 0.90425531875 0.5130023640625 0.9698581562499999 0.4468085109375 0.9911347515625 0.4373522453125 0.984042553125 0.3995271875 0.9379432624999999 0.3522458625 0.8865248234375 0.3286052015625 0.8528368796875 0.3569739953125 0.872340425 0.38534278906249997 0.8865248234375 0.4373522453125 0.8812056734375 0.5508274234375 0.90425531875 0.5130023640625
3 0.99822695 0.9810874703125 0.99822695 0.442080378125 0.9468085109375 0.46335697343750004 0.90602836875 0.5082742312499999 0.8368794328125 0.65957446875 0.8173758859375001 0.7234042546875 0.7890070921875 0.7754137109375 0.78191489375 0.8226950359374999 0.794326240625 0.8416075656249999 0.9698581562499999 0.9787234046875 0.99822695 0.9810874703125
3 0.7872340421875 0.8368794328125 0.6773049640625 0.7186761234375 0.5496453906250001 0.7092198578125 0.4893617015625 0.7494089828125 0.46808510625000005 0.8203309687499999 0.47695035468749997 0.8959810875 0.5212765953125 0.997635934375 0.9078014187500001 0.997635934375 0.7872340421875 0.8368794328125
3 0.18794326249999999 0.997635934375 0.512411346875 0.997635934375 0.4964539 0.9385342796874999 0.47517730468749997 0.9007092203125 0.46276595781249996 0.84397163125 0.485815603125 0.7494089828125 0.5265957453125 0.7234042546875 0.5336879437500001 0.713947990625 0.53191489375 0.69976359375 0.512411346875 0.7092198578125 0.49113475156249997 0.6950354609375 0.4893617015625 0.685579196875 0.4734042546875 0.6879432624999999 0.3191489359375 0.7565011828125 0.24822695 0.7683215125 0.19858156093749998 0.76359338125 0.1329787234375 0.8226950359374999 0.127659575 0.8392434984375001 0.1631205671875 0.9290780140624999 0.173758865625 0.9810874703125 0.18794326249999999 0.997635934375
3 0.1365248234375 0.9030732859375 0.00177305 0.730496453125 0 0.997635934375 0.15957446875 0.997635934375 0.16843971562499999 0.9905437359375 0.1365248234375 0.9030732859375
3 0 0.7234042546875 0.1028368796875 0.7186761234375 0.1489361703125 0.7068557921874999 0.19326241093750002 0.7517730499999999 0.21631205625 0.7588652484375 0.34042553125 0.73995271875 0.3652482265625 0.7210401890625 0.421985815625 0.69976359375 0.4414893609375 0.673758865625 0.49290780156249997 0.6453900703125 0.512411346875 0.6193853421875 0.517730496875 0.5933806140625 0.5070921984375001 0.48226950312500005 0.5088652484375 0.4373522453125 0.5212765953125 0.38534278906249997 0.517730496875 0.3286052015625 0.46276595781249996 0.28605200937499997 0.40780141875 0.2671394796875 0.34751773125 0.23167848750000003 0.296099290625 0.21985815625 0.28191489375 0.23404255312500002 0.2730496453125 0.2718676125 0.2535461 0.30260047343749996 0.1648936171875 0.373522459375 0.09042553125 0.45390070937500004 0.0372340421875 0.4869976359375 0.015957446875 0.5106382984375 0.0106382984375 0.5390070921875 0 0.5531914890625 0 0.7234042546875
3 0.0053191484375 0.44444444375 0.0035461 0.48226950312500005 0.012411346875 0.4846335703125 0.017730496875 0.45390070937500004 0.0053191484375 0.44444444375
3 0 0.5106382984375 0.07624113437499999 0.45390070937500004 0.0656028375 0.4349881796875 0.0407801421875 0.41607564999999996 0.0070921984375 0.40898345156250004 0 0.41134751718749996 0 0.5106382984375
5 0 0.40661938593749997 0.02836879375 0.40425531875000004 0.0585106390625 0.42080378281249997 0.08333333281250001 0.4468085109375 0.21631205625 0.3191489359375 0.2570921984375 0.2931442078125 0.2712765953125 0.262411346875 0.267730496875 0.24822695 0.25531914843750003 0.262411346875 0.235815603125 0.262411346875 0.21631205625 0.21985815625 0.19858156093749998 0.22458628906250003 0.0673758859375 0.21040189062499998 0.0106382984375 0.22695035468750002 0 0.23167848750000003 0 0.40661938593749997
5 0.99822695 0.4326241140625 0.99822695 0.3073286046875 0.9397163125000001 0.269503546875 0.99822695 0.4326241140625